-5.712964823434418804e-14
1.247994763087234560e-13
7.523148770616217007e-14
-6.879514319324542271e-13
1.045913355923744348e-12
1.335914018296691097e-12
-1.716193159806422841e-12
6.784503514545292546e-14
-1.300546476068475954e-12
-4.086037064254810502e-13
1.244671032907262997e-12
4.220651605990610733e-13
0.000000000000000000e+00

9.456475635502095134e-01
-7.905904336488966955e-02
5.292479741532737231e-03
2.819161607788111049e-02
-5.326483332883220900e-02
-1.917518183336545390e-01
-1.905388439882819140e-01
1.944281560204120796e-01
-2.517466410181435910e-01
-6.054461956809020773e-01
1.134698196907540646e-01
-3.165555186612465377e-01
0.000000000000000000e+00

1.747361600568952511e+00
-1.889777738731200918e-01
-1.038491943136901109e-02
6.689327125665396612e-03
-6.040907735564968184e-02
-4.027357367882962724e-01
-5.083706200379679574e-01
3.777162395293213182e-01
-5.286980763230517688e-01
-1.443851660853171959e+00
3.520829670932359989e-01
-8.010712144183380623e-01
0.000000000000000000e+00

2.102257520340265362e+00
-2.747393632267556285e-01
-3.659040292087155366e-02
-7.171901957760773438e-02
1.570483984934868682e-02
-4.955017418864977041e-01
-8.970926851178125938e-01
4.543740554006137078e-01
-6.686729001841603681e-01
-2.264618564773948073e+00
6.952386874817626516e-01
-1.352442580313440113e+00
0.000000000000000000e+00

2.109009968096474008e+00
-2.998409678521864463e-01
-5.749041208492695204e-02
-1.700652267048132216e-01
1.693131154926722226e-01
-4.289844607442567237e-01
-1.309410241804608965e+00
4.023967495794820715e-01
-6.181653881625172042e-01
-2.948143074438938083e+00
1.099545598462687845e+00
-1.897840050982681603e+00
0.000000000000000000e+00

1.958493627060913456e+00
-2.630665365985011550e-01
-6.477303701640803324e-02
-2.562699123167380688e-01
3.758017177145688836e-01
-2.492601114142918295e-01
-1.711931590190894248e+00
2.572776563547977124e-01
-4.182704130356226235e-01
-3.472354895354008431e+00
1.514829779830523027e+00
-2.402075154851692318e+00
0.000000000000000000e+00

1.791214037793529279e+00
-1.887560197615102964e-01
-5.947327223873048740e-02
-3.108311679287603102e-01
6.034246684183574017e-01
-4.235846958777111232e-02
-2.084198176912016809e+00
7.269185516774370748e-02
-1.482926444227719853e-01
-3.864896625668949426e+00
1.897543170165661985e+00
-2.854246889789064934e+00
0.000000000000000000e+00

1.672722185703446218e+00
-1.081962493897933308e-01
-4.833447184879430258e-02
-3.238969270911183918e-01
8.238989722280263273e-01
1.196500125131408632e-01
-2.415952611445023379e+00
-1.092075072398871194e-01
1.201620759855298731e-01
-4.165486266688962935e+00
2.217958988433300860e+00
-3.253021681175505719e+00
0.000000000000000000e+00

1.616113423277816707e+00
-4.500208051803582243e-02
-3.875773660002569676e-02
-2.928397232920794679e-01
1.019072206990303542e+00
2.055537028370643671e-01
-2.703362758933574028e+00
-2.681361557681004593e-01
3.459694685405572123e-01
-4.406748198778216441e+00
2.460720866552730701e+00
-3.601030417016065854e+00
0.000000000000000000e+00

1.609026941624540186e+00
-8.630934530970094110e-03
-3.533340865224982724e-02
-2.216741436938780563e-01
1.181422400790359983e+00
2.217711387535510337e-01
-2.944839171079613571e+00
-4.002208653278833128e-01
5.204309419822862326e-01
-4.609955251201730775e+00
2.620843810952498742e+00
-3.904040521563125310e+00
0.000000000000000000e+00

1.631450900249538982e+00
4.304755907915860935e-03
-3.908247205166000965e-02
-1.195131030408751738e-01
1.310727926310901514e+00
1.945281693830452352e-01
-3.139005670863765918e+00
-5.088511943422616701e-01
6.560467133420625485e-01
-4.788240583415600327e+00
2.699234891280941184e+00
-4.169977142622310673e+00
0.000000000000000000e+00

1.664701002780486050e+00
3.965406787034442271e-03
-4.855074336988609435e-02
1.930507064699091280e-03
1.410248533694841155e+00
1.524021238193247196e-01
-3.284752307906508850e+00
-5.981819760687294707e-01
7.726577023229879160e-01
-4.951133480467805548e+00
2.699582967770647102e+00
-4.407135135854703734e+00
0.000000000000000000e+00

1.695178550555921371e+00
6.962970896361442286e-04
-6.135257338693440865e-02
1.307175238219185631e-01
1.484142279421166055e+00
1.162280904512163482e-01
-3.381836708898016131e+00
-6.700123613434503245e-01
8.878506158301502360e-01
-5.107157611083332327e+00
2.626597599784433967e+00
-4.622483925409711425e+00
0.000000000000000000e+00

1.715350066000764118e+00
1.097166906874558201e-03
-7.527357450717669929e-02
2.564367110470041622e-01
1.536213088901982715e+00
9.646447611868647076e-02
-3.431206496036080633e+00
-7.232980697036303086e-01
1.013127228950488234e+00
-5.264011675024407033e+00
2.485230832132837353e+00
-4.820557196216750384e+00
0.000000000000000000e+00

1.723024825018452333e+00
7.365443672955135357e-03
-8.873013961998588162e-02
3.711244284781141656e-01
1.569523273456508772e+00
9.508861233932522361e-02
-3.434880180037608977e+00
-7.550497553406015916e-01
1.154105162498907378e+00
-5.427410354315248320e+00
2.280455054311205210e+00
-5.002865324624989896e+00
0.000000000000000000e+00

1.719620892458475048e+00
1.864822683765866851e-02
-1.007895166134445825e-01
4.694025742191506589e-01
1.586338662834436031e+00
1.089837760879834305e-01
-3.395500802482476654e+00
-7.617189819396135153e-01
1.312366348405897831e+00
-5.599881578158856676e+00
2.017312319006981269e+00
-5.167781302911365948e+00
0.000000000000000000e+00

1.708148488998860737e+00
3.287668003162437513e-02
-1.109990129075083265e-01
5.480776920673885444e-01
1.588300505347753466e+00
1.329386869891255041e-01
-3.315854056404652361e+00
-7.403646166773975024e-01
1.487396829116039987e+00
-5.780286652330040909e+00
1.701056757001057740e+00
-5.310752461415833459e+00
0.000000000000000000e+00

1.691613463705251785e+00
4.808324390897901479e-02
-1.191886932920165065e-01
6.055509144788608911e-01
1.576593818012902659e+00
1.615775356618943115e-01
-3.198557729133086891e+00
-6.894749806824030935e-01
1.677838031617776116e+00
-5.964158697937159026e+00
1.337357731726178001e+00
-5.424749321397785984e+00
0.000000000000000000e+00

1.672188233693545190e+00
6.297671458859746552e-02
-1.253063264611275207e-01
6.413026335833773572e-01
1.552129016731970346e+00
1.903047863881364710e-01
-3.046043886405529477e+00
-6.093395838788739916e-01
1.882018426083925888e+00
-6.144657684367075490e+00
9.325287048161485792e-01
-5.500891312843349645e+00
0.000000000000000000e+00

1.651097373935970447e+00
7.695604591928827121e-02
-1.293109609962751760e-01
6.555543083732364718e-01
1.515580316298412944e+00
2.155440732285364702e-01
-2.860666816163262016e+00
-5.020583013511172865e-01
2.098047856426238589e+00
-6.313777473999716783e+00
4.936941595083690904e-01
-5.529180360616917866e+00
0.000000000000000000e+00

1.628902242415842583e+00
8.988733238057698693e-02
-1.311364605575561226e-01
6.490826648128721343e-01
1.467436550752707625e+00
2.346928819201645200e-01
-2.645041507951094939e+00
-3.713165455428986128e-01
2.323646510014487632e+00
-6.463500135063730667e+00
2.891840623014640954e-02
-5.499345313563688720e+00
0.000000000000000000e+00

1.605886069817549888e+00
1.018532411856047926e-01
-1.307052268762633751e-01
6.231582506885496864e-01
1.408030934011361257e+00
2.459886121008660054e-01
-2.402341305418168815e+00
-2.220262057451492799e-01
2.555973451207046665e+00
-6.586669453503539273e+00
-4.527764778062799422e-01
-5.401753916234079966e+00
0.000000000000000000e+00

1.582339264777174792e+00
1.129766424726037638e-01
-1.279811004849943923e-01
5.795455577577099948e-01
1.337593913633321696e+00
2.483784106769117983e-01
-2.136498566769129415e+00
-5.993046759784033395e-02
2.791581036033478735e+00
-6.677531749010597650e+00
-9.415373059314676718e-01
-5.228318950459901693e+00
0.000000000000000000e+00

1.558670389643164844e+00
1.233445067758146274e-01
-1.230265338307642287e-01
5.204755660721210875e-01
1.256350789518674516e+00
2.414783975275558714e-01
-1.852265842617865088e+00
1.088090607492451928e-01
3.026473479599796068e+00
-6.731946422109399641e+00
-1.426919274659106396e+00
-4.973345197833560327e+00
0.000000000000000000e+00

1.535397530090039986e+00
1.330062394461467568e-01
-1.160393486719825534e-01
4.486124490082988303e-01
1.164635656871571223e+00
2.255632932429504356e-01
-1.555112916681144153e+00
2.779748767465545778e-01
3.256277317247365133e+00
-6.747310284260756852e+00
-1.898252798964664478e+00
-4.634242338482226664e+00
0.000000000000000000e+00

1.513064444453497748e+00
1.419942464916417180e-01
-1.073548210101839678e-01
3.669796740078244413e-01
1.063024818261977256e+00
2.015232073386346301e-01
-1.251008293917483138e+00
4.416167340588420531e-01
3.476491629897627611e+00
-6.722331279883518640e+00
-2.345083163496337608e+00
-4.211987429126666349e+00
0.000000000000000000e+00

1.492160664511561707e+00
1.503493367886464260e-01
-9.742596168757601538e-02
2.788593206641080124e-01
9.524151378751473107e-01
1.708014910447626933e-01
-9.460894031661737369e-01
5.943071897394625047e-01
3.682737162192771141e+00
-6.656722100059374370e+00
-2.757651677630545528e+00
-3.711312691473819925e+00
0.000000000000000000e+00

1.473056068961414278e+00
1.581564130918926836e-01
-8.677839830654046627e-02
1.876570934403815893e-01
8.340746545936592593e-01
1.352855201455920031e-01
-6.463428208069494918e-01
7.313416013438895913e-01
3.870973420596962367e+00
-6.550860954270002701e+00
-3.127339159991740836e+00
-3.140574466960121214e+00
0.000000000000000000e+00

1.455978715981797622e+00
1.655383490776176081e-01
-7.596232808350925070e-02
9.677719903190246109e-02
7.096361852303473272e-01
9.713609154609745278e-02
-3.572739309581369760e-01
8.488745544205223981e-01
4.037665727342801603e+00
-6.405512824700211993e+00
-3.447050782049815520e+00
-2.511313304084157316e+00
0.000000000000000000e+00

1.441017535625829682e+00
1.726642784843214207e-01
-6.550616628682749687e-02
9.491725640115120100e-03
5.810356823135695015e-01
5.862360473509278802e-02
-8.365559927900385884e-02
9.439790254056489305e-01
4.179880402799802219e+00
-6.221607088748491776e+00
-3.711499006411529855e+00
-1.837583835528076692e+00
0.000000000000000000e+00

1.428144737270626408e+00
1.797334651288127194e-01
-5.587902448881838791e-02
-7.118591414879801849e-02
4.503983679656822781e-01
2.196867853534334447e-02
1.706782840480208507e-01
1.014674037073696633e+00
4.295312129764487175e+00
-6.000099409161093966e+00
-3.917344480446820043e+00
-1.135089106260081193e+00
0.000000000000000000e+00

1.417244942409102926e+00
1.869577694235001197e-01
-4.746898256202337213e-02
-1.425835754832279201e-01
3.199019613114010285e-01
-1.080748455494177224e-02
4.029381931443803966e-01
1.059876783752994989e+00
4.382276775305997241e+00
-5.741923143810716113e+00
-4.063219128683051906e+00
-4.202642375050946177e-01
0.000000000000000000e+00

1.408145996457212945e+00
1.945424057126475259e-01
-4.056439116209589746e-02
-2.024526502147327434e-01
1.916335978971715204e-01
-3.800846485703580219e-02
6.114212804121093026e-01
1.079334592868709919e+00
4.439696775412196317e+00
-5.448011111339739365e+00
-4.149607648531865145e+00
2.905808758110312584e-01
0.000000000000000000e+00

1.400645469111380326e+00
2.026689385795363840e-01
-3.535525304527593199e-02
-2.490126559185634747e-01
6.743671929839854806e-02
-5.829016242353287497e-02
7.954768246309709134e-01
1.073529611589741917e+00
4.467004310768848185e+00
-5.119365333839974497e+00
-4.178623522992582551e+00
9.820377525121151141e-01
0.000000000000000000e+00

1.394530419481643024e+00
2.114762465987015672e-01
-3.194043837310812928e-02
-2.809774995149658672e-01
-5.118915380221622513e-02
-7.070242024323139529e-02
9.553993459910042896e-01
1.043559995046287936e+00
4.464108415806061103e+00
-4.757169424204509944e+00
-4.153709647345085187e+00
1.640145083561204364e+00
0.000000000000000000e+00

1.389591870328092504e+00
2.210536637781448377e-01
-3.033297341942209346e-02
-2.975649856231209478e-01
-1.631558646151129999e-01
-7.468160129657133717e-02
1.092287294627627858e+00
9.910283572023241838e-01
4.431341419051062047e+00
-4.362902034435804488e+00
-4.079308631773450600e+00
2.252759532168874035e+00
0.000000000000000000e+00

1.385633360099204348e+00
2.314212166700642948e-01
-3.048280837439491103e-02
-2.984757415954181203e-01
-2.678409717169618620e-01
-7.001147949609698440e-02
1.207886015143139202e+00
9.179153737455153506e-01
4.369415661246714322e+00
-3.938446477236943633e+00
-3.960521165687078682e+00
2.809693989350598553e+00
0.000000000000000000e+00

1.382473729843660903e+00
2.425337019553795437e-01
-3.228515820652251567e-02
-2.838717736356592969e-01
-3.650457864982871725e-01
-5.675699398688940911e-02
1.304382867339151764e+00
8.264929814424545329e-01
4.279374775481667115e+00
-3.486165772776456784e+00
-3.802801028167901887e+00
3.302751096836257449e+00
0.000000000000000000e+00

1.379947318523931932e+00
2.542755371764413574e-01
-3.559742369216051944e-02
-2.543319608095114814e-01
-4.549475011247584577e-01
-3.521481305138999401e-02
1.384217072964376793e+00
7.192153684256201718e-01
4.162570973509142291e+00
-3.008945984979100707e+00
-3.611691794957397672e+00
3.725611328770051411e+00
0.000000000000000000e+00

1.377905283082701660e+00
2.664575175849313582e-01
-4.024957514175955819e-02
-2.108036766305764753e-01
-5.380349637951211683e-01
-5.876922812934514545e-03
1.449935127180092875e+00
5.986416195810697616e-01
4.020667838716710740e+00
-2.510213730382178099e+00
-3.392635693246901063e+00
4.073698682789638426e+00
0.000000000000000000e+00

1.376212514717721991e+00
2.788361386490797456e-01
-4.605336069058982296e-02
-1.545467552167833214e-01
-6.150068428218629091e-01
3.063507846351238434e-02
1.504026314599476555e+00
4.673668993465402988e-01
3.855602248986810920e+00
-1.993884959103837229e+00
-3.150855659661062624e+00
4.344042733939778245e+00
0.000000000000000000e+00

1.374746506428197179e+00
2.911149306671571013e-01
-5.280732992323030478e-02
-8.707443523493911541e-02
-6.866497933210404803e-01
7.362629827885966427e-02
1.548775796811514338e+00
3.279697348605088436e-01
3.669541453564020284e+00
-1.464305255532514227e+00
-2.891284754432292825e+00
4.535179262114689358e+00
0.000000000000000000e+00

1.373395167101272296e+00
3.029639362103258571e-01
-6.030142921698058295e-02
-1.008409306018739210e-02
-7.537660961640297863e-01
1.223453345296221795e-01
1.586205007557600188e+00
1.829565698453473055e-01
3.464869002061251368e+00
-9.261428932731792241e-01
-2.618570689514157390e+00
4.647117744244043891e+00
0.000000000000000000e+00

1.372060337580851330e+00
3.140286480416686343e-01
-6.832075540247427303e-02
7.459314125429925002e-02
-8.170819794069394959e-01
1.760081211247470079e-01
1.617997375844036245e+00
3.472851570442649777e-02
3.244156819309141682e+00
-3.842747307041501914e-01
-2.337105477188483604e+00
4.681347323114364301e+00
0.000000000000000000e+00

1.370654509881129801e+00
3.239552545041332610e-01
-7.664696758980271696e-02
1.650679198985405272e-01
-8.771793124033080424e-01
2.338260191050784143e-01
1.645466353747825794e+00
-1.144592833098155571e-01
3.010107815141628951e+00
1.563688681985194451e-01
-2.051063323637280167e+00
4.640889776714977266e+00
0.000000000000000000e+00

1.369100626211638527e+00
3.323938938907898821e-01
-8.505946008139675385e-02
2.594334310982285841e-01
-9.344406849276776228e-01
2.950150221417027208e-01
1.669540836734551892e+00
-2.625060379618402995e-01
2.765522663050448138e+00
6.909257601946852123e-01
-1.764445731961602259e+00
4.530368481024155791e+00
0.000000000000000000e+00

1.367333296311850299e+00
3.390195899225246223e-01
-9.333978167990206187e-02
3.558275820455649163e-01
-9.890412006244402310e-01
3.587768868722827076e-01
1.690804243770198445e+00
-4.074970376513616932e-01
2.513278724749199888e+00
1.214754590953708302e+00
-1.481103923246462450e+00
4.356023850159898458e+00
0.000000000000000000e+00

1.365297208165212828e+00
3.435445086479099186e-01
-1.012714915311680730e-01
4.524632800623456519e-01
-1.040925500687002403e+00
4.243087119858690026e-01
1.709507602605578658e+00
-5.476983226861038556e-01
2.256284793364651708e+00
1.723564970545577779e+00
-1.204738269618419677e+00
4.125677342170899209e+00
0.000000000000000000e+00

1.362944264235576020e+00
3.457177370179115861e-01
-1.086475097920026889e-01
5.476750760014228447e-01
-1.089842713164934196e+00
4.907643644298085306e-01
1.725651351545082868e+00
-6.815633000754806048e-01
1.997491944882168857e+00
2.213517991599385670e+00
-9.388571775041745227e-01
3.848605943572034782e+00
0.000000000000000000e+00

1.360234357377522185e+00
3.453399184828738200e-01
-1.152683343219326889e-01
6.399286538441018024e-01
-1.135339026868236623e+00
5.572592451537977665e-01
1.739004231195514505e+00
-8.077129218562580926e-01
1.739844268389404425e+00
2.681317613671783562e+00
-6.867061734230157644e-01
3.535307257100535505e+00
0.000000000000000000e+00

1.357133327843357051e+00
3.422637603899582048e-01
-1.209509219481298414e-01
7.278474568748133366e-01
-1.176833809940898368e+00
6.228194282642538493e-01
1.749210428151598551e+00
-9.249344754424360104e-01
1.486310944108114596e+00
3.124263742439894465e+00
-4.511756590108732534e-01
3.197156306289774097e+00
0.000000000000000000e+00

1.353612975462609391e+00
3.363954423900986090e-01
-1.255308359241238403e-01
8.102138914754209997e-01
-1.213646451751965172e+00
6.863741798975917519e-01
1.755839747018851371e+00
-1.032157200220558790e+00
1.239856004980519621e+00
3.540288926548552872e+00
-2.346998445756429685e-01
2.845991308277995735e+00
0.000000000000000000e+00

1.349650350068444471e+00
3.276936100377104144e-01
-1.288600586373819523e-01
8.859746092522780003e-01
-1.245014049240670051e+00
7.467333524325892036e-01
1.758430847490572990e+00
-1.128435965909609484e+00
1.003434352775497640e+00
3.927963485242492059e+00
-3.916178773495254672e-02
2.493648679109246924e+00
0.000000000000000000e+00

1.345229013628055581e+00
3.161656484318374205e-01
-1.308180424218194082e-01
9.542276182990141464e-01
-1.270182093988250660e+00
8.026022710073330568e-01
1.756581439218559915e+00
-1.212938891387459917e+00
7.799497593333795109e-01
4.286472303832110420e+00
1.341936174218630318e-01
2.151471904430739102e+00
0.000000000000000000e+00

1.340342558983931953e+00
3.018676434238976580e-01
-1.313114492747379791e-01
1.014235533538495382e+00
-1.288436359426215150e+00
8.525481714928736521e-01
1.749994828828098425e+00
-1.284953298325791637e+00
5.722484066700777028e-01
4.615601923221487546e+00
2.847995457398307395e-01
1.829852081223751314e+00
0.000000000000000000e+00

1.334994013917194522e+00
2.849011661199172263e-01
-1.302745055022920817e-01
1.065410925194668179e+00
-1.299136562520647908e+00
8.950638740908417601e-01
1.738511565669379255e+00
-1.343874780063233576e+00
3.830193967908276376e-01
4.915704013431533070e+00
4.127752886937946508e-01
1.537818189538667779e+00
0.000000000000000000e+00

1.329197998685505588e+00
2.653994691242789750e-01
-1.276726185885082021e-01
1.107316888721612935e+00
-1.301782776283598064e+00
9.285975259355371270e-01
1.722163815119438501e+00
-1.389230655366630041e+00
2.147270749533839451e-01
5.187647786832764396e+00
5.188931551506501538e-01
1.282728471637814449e+00
0.000000000000000000e+00

1.322987441021884925e+00
2.435345309874184516e-01
-1.235023963526551138e-01
1.139676976150060694e+00
-1.296036363401628977e+00
9.515948117569498210e-01
1.701181246407548420e+00
-1.420704148415247392e+00
6.952056031229404687e-02
5.432799625669570531e+00
6.045106979283534354e-01
1.070028972866368777e+00
0.000000000000000000e+00

1.316412971246760266e+00
2.195043030470914536e-01
-1.177884030772213958e-01
1.162369696892428417e+00
-1.281737547755537499e+00
9.625890102981314866e-01
1.675979624495499865e+00
-1.438150591301489589e+00
-5.088778862482681853e-02
5.652970301794129071e+00
6.714619420231660030e-01
9.031333180391295512e-01
0.000000000000000000e+00

1.309543463762229187e+00
1.935282297590906475e-01
-1.105878988442166033e-01
1.175448275667220432e+00
-1.258954397409443704e+00
9.602799122125159625e-01
1.647171463331129848e+00
-1.441650910737306779e+00
-1.453442235982284059e-01
5.850384979078829595e+00
7.219372899677596322e-01
7.833821171177787202e-01
0.000000000000000000e+00

1.302470726140702251e+00
1.658457701776130389e-01
-1.019851577452948882e-01
1.179138154607181521e+00
-1.227983088989637928e+00
9.436021282294165813e-01
1.615526955234056761e+00
-1.431536377506007263e+00
-2.133454103935900348e-01
6.027644223159193793e+00
7.583459976785655865e-01
7.100785875555767346e-01
0.000000000000000000e+00

1.295309689283234089e+00
1.367053211520264100e-01
-9.208971458651329933e-02
1.173855771063136100e+00
-1.189336311948168579e+00
9.118205402776854429e-01
1.581919099001758422e+00
-1.408420740613976374e+00
-2.551452801804841020e-01
6.187649357949434048e+00
7.831770381163314365e-01
6.805969739384991612e-01
0.000000000000000000e+00

1.288194418430914645e+00
1.063640425812111129e-01
-8.103166431084798949e-02
1.160212425798926139e+00
-1.143728737275570895e+00
8.645868687417771481e-01
1.547267119391692258e+00
-1.373234495403181432e+00
-2.717996684742522429e-01
6.333539383666543010e+00
7.988818038356226836e-01
6.905275307100506854e-01
0.000000000000000000e+00

1.281285741758932284e+00
7.508058309534894337e-02
-6.896168791468282322e-02
1.139007913810357930e+00
-1.092036077234486813e+00
8.019964302612486717e-01
1.512455268185717738e+00
-1.327224122696102349e+00
-2.652014970362404633e-01
6.468578266823802103e+00
8.077591929547007776e-01
7.338699794222511841e-01
0.000000000000000000e+00

1.274761734621686182e+00
4.311116357894009821e-02
-5.604075132872518572e-02
1.111236753596782645e+00
-1.035246820735166384e+00
7.246295359418543081e-01
1.478266636765481756e+00
-1.271952818736933777e+00
-2.380546252230986981e-01
6.596017207243999536e+00
8.118745090637576878e-01
8.032521578922422467e-01
0.000000000000000000e+00

1.268820066897506260e+00
1.070569962532375713e-02
-4.244009836981588180e-02
1.078062957314261494e+00
-9.744233808188504931e-01
6.335678829006723412e-01
1.445328751492507724e+00
-1.209267173902792702e+00
-1.938081104656690090e-01
6.718927114374491083e+00
8.129867950383590225e-01
8.901724965420313440e-01
0.000000000000000000e+00

1.263674159580221001e+00
-2.189205274605500462e-02
-2.833331065215316177e-02
1.040808703342390062e+00
-9.106002350748783059e-01
5.303756034716641254e-01
1.414026281212719338e+00
-1.141238682464701837e+00
-1.365164958534716144e-01
6.839995059443072734e+00
8.125161355856570511e-01
9.852832277172746123e-01
0.000000000000000000e+00

1.259546259952063041e+00
-5.444924197734973825e-02
-1.389232788045243437e-02
1.000915924770334087e+00
-8.447543410596312086e-01
4.170758845797619130e-01
1.384491583510153667e+00
-1.070079418187814824e+00
-7.067210801021521493e-02
6.961273721813239668e+00
8.115041109583386314e-01
1.078701047248497691e+00
0.000000000000000000e+00

1.256662041313436395e+00
-8.673519397188020341e-02
7.188042665175597284e-04
9.599076624874447461e-01
-7.777036372120381680e-01
2.961025285935168228e-01
1.356536844476089465e+00
-9.980256076936200316e-01
-9.949878967055476170e-04
7.083944320191291055e+00
8.106112192978766062e-01
1.160361942164333415e+00
0.000000000000000000e+00

1.255242266514318583e+00
-1.185311947739970950e-01
1.534473002313805831e-02
9.193392184200969153e-01
-7.100787460949964380e-01
1.702095475148718284e-01
1.329673897402197102e+00
-9.272011809506319757e-01
6.785766153395289546e-02
7.208020465766892038e+00
8.101033306207563456e-01
1.220431510586016621e+00
0.000000000000000000e+00

1.255486142031079444e+00
-1.496158622134390881e-01
2.983765452570887738e-02
8.807390728575530403e-01
-6.423019339432045616e-01
4.238077365019678189e-02
1.303132077136554434e+00
-8.594682851244669353e-01
1.315512697099050221e-01
7.332106943450691361e+00
8.098396601280406504e-01
1.249749215290161919e+00
0.000000000000000000e+00

1.257560516256468031e+00
-1.797721845237139071e-01
4.406111694811124663e-02
8.455298413314846773e-01
-5.745541515931682497e-01
-8.427684012297437244e-02
1.275862670150271105e+00
-7.962340079844116847e-01
1.864070204923597429e-01
7.453117021986411572e+00
8.092648441506772317e-01
1.240341107748734739e+00
0.000000000000000000e+00

1.261575330132224115e+00
-2.087636119633080045e-01
5.788222137816695367e-02
8.149498431414787802e-01
-5.067973912520844504e-01
-2.066696096180494491e-01
1.246583642374847312e+00
-7.383015905710667015e-01
2.296759874248913147e-01
7.566117164677138796e+00
8.073968397516381179e-01
1.185933490787115518e+00
0.000000000000000000e+00

1.267564645309644966e+00
-2.363388826141608334e-01
7.116837672402699655e-02
7.899699190269943161e-01
-4.388190120991041776e-01
-3.218435480278225014e-01
1.213835073077322857e+00
-6.857280968554287925e-01
2.598131285132923018e-01
7.664214960044207992e+00
8.028068476067228287e-01
1.082489311449913671e+00
0.000000000000000000e+00

1.275473871948907822e+00
-2.622182383979668741e-01
8.377756841792907694e-02
7.712038463145947098e-01
-3.703083323615324884e-01
-4.271378127938557090e-01
1.176055862776368421e+00
-6.377678600734290049e-01
2.766792106004092311e-01
7.738611879152100137e+00
7.936377053981911178e-01
9.287098910892431780e-01
0.000000000000000000e+00

1.285135304815642865e+00
-2.860819743021913442e-01
9.555109002040797217e-02
7.588283427660232894e-01
-3.009580921821531363e-01
-5.202915235506901936e-01
1.131681984720955381e+00
-5.929067019601088617e-01
2.816021094164927185e-01
7.778854012765028081e+00
7.776617025278901307e-01
7.264339939125765699e-01
0.000000000000000000e+00

1.296273413579247968e+00
-3.075632037544768216e-01
1.063085964913886849e-01
7.525322543794608077e-01
-2.305859484243651392e-01
-5.995363908670451325e-01
1.079284435231200767e+00
-5.490606749581075086e-01
2.772932742802161621e-01
7.773301478377780960e+00
7.524176375955621277e-01
4.809100920339098306e-01
0.000000000000000000e+00

1.308507636350781489e+00
-3.262356620253963890e-01
1.158458748317418574e-01
7.515079361887583298e-01
-1.592706124485400443e-01
-6.636022275811026550e-01
1.017736303905033557e+00
-5.039392566183894528e-01
2.675321110021895432e-01
7.709877646804329743e+00
7.154953385506136465e-01
2.008188890510691493e-01
0.000000000000000000e+00

1.321384151360338821e+00
-3.416265616321425558e-01
1.239420298195435810e-01
7.545120533764789750e-01
-8.748040623070116317e-02
-7.117481319594275435e-01
9.464445503208090971e-01
-4.555538290190719319e-01
2.567524904825732035e-01
7.577039570152892090e+00
6.649081441244431012e-01
-1.019738611423096630e-01
0.000000000000000000e+00

1.334422643234539851e+00
-3.532335035895953768e-01
1.303799999272353682e-01
7.599764328976703620e-01
-1.617626506828979266e-02
-7.436536428934052978e-01
8.655860353733839663e-01
-4.027695855227707566e-01
2.493972901079542503e-01
7.364886766261755646e+00
5.995876686640512210e-01
-4.129861763285017640e-01
0.000000000000000000e+00

1.347169554355682530e+00
-3.605666029935071792e-01
1.349642665126120633e-01
7.661892302552159029e-01
5.308857607342293283e-02
-7.593360599470305727e-01
7.763642809449528004e-01
-3.457803384859072238e-01
2.492920443683503962e-01
7.066269653566245701e+00
5.198375207283183475e-01
-7.160261364343910584e-01
0.000000000000000000e+00

1.359261306710745298e+00
-3.631952204696454189e-01
1.375527904785834310e-01
7.715116537204527170e-01
1.182016570197969296e-01
-7.590895531477506175e-01
6.811317349153315215e-01
-2.863224191587586676e-01
2.591025266991390241e-01
6.677729432561171130e+00
4.276675011953163241e-01
-9.943763811113134343e-01
0.000000000000000000e+00

1.370473129361018838e+00
-3.608257943741633444e-01
1.380775247170991371e-01
7.745904886707686288e-01
1.765563818745004288e-01
-7.434481407967612476e-01
5.833948871372258704e-01
-2.275546754645632608e-01
2.800033341970076251e-01
6.200064496881284803e+00
3.268264045260486084e-01
-1.232153287414547105e+00
0.000000000000000000e+00

1.380757416060415022e+00
-3.533485653099502355e-01
1.365602178434535130e-01
7.745139534541682913e-01
2.252745844226450855e-01
-7.131753211288236471e-01
4.875315116209659183e-01
-1.735660034092285642e-01
3.115683825044392452e-01
5.638456435992127425e+00
2.225220887552608606e-01
-1.415702915257006644e+00
0.000000000000000000e+00

1.390250337499392419e+00
-3.408961661588855163e-01
1.331151063604227025e-01
7.708911451555716665e-01
2.614564152731526647e-01
-6.693002776527042785e-01
3.983568250305543623e-01
-1.286602016445998475e-01
3.519342145743146189e-01
5.002111144645414065e+00
1.208046399354733569e-01
-1.534838019902069250e+00
0.000000000000000000e+00

1.399245661612197766e+00
-3.238491667962172249e-01
1.279405473383069536e-01
7.638394337817754343e-01
2.825393152539174002e-01
-6.131332619992992949e-01
3.204769574248543806e-01
-9.656811564977231532e-02
3.981483389525743988e-01
4.303486037068561920e+00
2.779287416855050208e-02
-1.583814918265284755e+00
0.000000000000000000e+00

1.408150015697401392e+00
-3.028231289208576094e-01
1.213020769606484167e-01
7.538645470015657990e-01
2.866252979525670819e-01
-5.462487371310144058e-01
2.576536246782186734e-01
-7.978327730632871206e-02
4.466361347250634717e-01
3.557252899615815700e+00
-5.115290200872307791e-02
-1.561868617167739393e+00
0.000000000000000000e+00

1.417420817175944814e+00
-2.786149291380726201e-01
1.135081925093471833e-01
7.416887841876848020e-01
2.727995798735242672e-01
-4.704288935808774719e-01
2.122299165616964578e-01
-7.913913805570056692e-02
4.936738881616155594e-01
2.779164753849816538e+00
-1.120715241497341474e-01
-1.473289658551769188e+00
0.000000000000000000e+00

1.427487835092038138e+00
-2.521385881021884767e-01
1.048929729549159251e-01
7.280813471359626199e-01
2.413221972843021257e-01
-3.876132745451974504e-01
1.847913792638533059e-01
-9.362540026600751908e-02
5.358581922967444733e-01
1.985026258236552543e+00
-1.528596704977431830e-01
-1.327076568197270046e+00
0.000000000000000000e+00

1.438684836830739222e+00
-2.243531399446933583e-01
9.580395490812972092e-02
7.136579125630354570e-01
1.937446516593000212e-01
-2.998175531136757499e-01
1.740511645881979153e-01
-1.204664044400036993e-01
5.704566964316211131e-01
1.189820646853192221e+00
-1.734058637154589633e-01
-1.136148485868913482e+00
0.000000000000000000e+00

1.451201413782575500e+00
-1.961845403676440724e-01
8.659246656486899174e-02
6.987692924111458259e-01
1.328241640774325827e-01
-2.090585524977639498e-01
1.770233522570562879e-01
-1.553616732108773213e-01
5.956066481918103062e-01
4.071394604878793566e-01
-1.755110570169946260e-01
-9.162925480304172643e-01
0.000000000000000000e+00

1.465054111954161353e+00
-1.684739498024269144e-01
7.762172862481236946e-02
6.834175373013208210e-01
6.238950250295816069e-02
-1.173404685621369931e-01
1.893794336814030865e-01
-1.928661250635984592e-01
6.104402852305627070e-01
-3.511193609110022651e-01
-1.625711809855539813e-01
-6.849506316525981742e-01
0.000000000000000000e+00

1.480079118472902966e+00
-1.419407670038586311e-01
6.926922954220883499e-02
6.672347003587235648e-01
-1.295425687678541243e-02
-2.663563884017094291e-02
2.059749004380321269e-01
-2.267635597067844955e-01
6.150367353717537400e-01
-1.074770249724290139e+00
-1.391344909123511386e-01
-4.599264032314694939e-01
0.000000000000000000e+00

1.495961305405240749e+00
-1.171535321912800104e-01
6.192973655003774364e-02
6.495277549638843739e-01
-8.817762492653714868e-02
6.110688571107285999e-02
2.214519353693255588e-01
-2.505249221610875154e-01
6.102898770284853613e-01
-1.755193529326663615e+00
-1.104002044991637954e-01
-2.581735993655047134e-01
0.000000000000000000e+00

1.512264849068075012e+00
-9.453194579790009933e-02
5.601615809868065038e-02
6.293272331618412485e-01
-1.582269359422972532e-01
1.439725785097146216e-01
2.308474504191627419e-01
-2.577186996038420830e-01
5.976838645221055346e-01
-2.385087945533378662e+00
-8.169090315932189816e-02
-9.468858431449571345e-02
0.000000000000000000e+00

1.528489226795581191e+00
-7.432800253457218231e-02
5.195066784381041636e-02
6.054863004074433341e-01
-2.184344866704712451e-01
2.200903529025920180e-01
2.301429887215014347e-01
-2.424707567665459473e-01
5.790288473851702422e-01
-2.958196233688675569e+00
-5.794343663621021046e-02
1.842957927212017510e-02
0.000000000000000000e+00

1.544129351067029976e+00
-5.664667347434142186e-02
5.014843474667728118e-02
5.767617961336395371e-01
-2.648921233135788089e-01
2.876572120680712108e-01
2.167085592419092377e-01
-1.998818459642094369e-01
5.562263910611227047e-01
-3.469087406554470565e+00
-4.329996862702292781e-02
7.270900803060517670e-02
0.000000000000000000e+00

1.558715628962862976e+00
-4.143910616718307627e-02
5.099263992503154375e-02
5.419131787379628529e-01
-2.947800869508095389e-01
3.450567541585783937e-01
1.895719244508035362e-01
-1.264748205915781631e-01
5.309641226201510245e-01
-3.913075060725124565e+00
-4.072874330394496423e-02
6.381580514343059007e-02
0.000000000000000000e+00

1.571870926213828179e+00
-2.852444148055177653e-02
5.480457025891981304e-02
4.998013783267624133e-01
-3.065862147211267930e-01
3.909229657759886178e-01
1.495102822842818702e-01
-2.060289241410960884e-02
5.045574072769263285e-01
-4.286268593855529829e+00
-5.178243775387783576e-02
-8.140939761367413374e-03
0.000000000000000000e+00

1.583319781429463502e+00
-1.760682386991420378e-02
6.180689591847743358e-02
4.494924845301978555e-01
-3.002589577663909437e-01
4.243151449469274583e-01
9.897179253388663223e-02
1.171702735932581285e-01
4.777363300628751919e-01
-4.585728250413337648e+00
-7.645232915067554091e-02
-1.385835400687914221e-01
0.000000000000000000e+00

1.592919422686379649e+00
-8.303986606560925798e-03
7.208243058898333722e-02
3.903642087833634755e-01
-2.771727049403406307e-01
4.447972493448139053e-01
4.175805756131777818e-02
2.838785782179680806e-01
4.506296850422897293e-01
-4.809781508256947724e+00
-1.131895469236482987e-01
-3.186584161811426008e-01
0.000000000000000000e+00

1.600630490633988545e+00
-1.861444117817745436e-04
8.554466027794946359e-02
3.222333956713466230e-01
-2.399942226506852072e-01
4.525976312447332894e-01
-1.743992281173185194e-02
4.741258796266932807e-01
4.226610295624192437e-01
-4.958281624973846391e+00
-1.590774314723090166e-01
-5.357155053144007084e-01
0.000000000000000000e+00

1.606510940239699314e+00
7.188338638516061918e-03
1.019097703219957879e-01
2.454339199817517914e-01
-1.924217277349094812e-01
4.486192646310653842e-01
-7.357698595488164350e-02
6.803172715462394438e-01
3.926691983175064626e-01
-5.032941283940298938e+00
-2.101810030301976551e-01
-7.740375152454408436e-01
0.000000000000000000e+00

1.610671991576542394e+00
1.421760778933655461e-02
1.206906824014862128e-01
1.609261869607563344e-01
-1.388323805195827432e-01
4.344299189474858935e-01
-1.218335086111970444e-01
8.931587398571300129e-01
3.590199272689035825e-01
-5.037431076790336526e+00
-2.620148990352584306e-01
-1.015827287822530067e+00
0.000000000000000000e+00

1.613243887244125929e+00
2.123084158280950234e-02
1.412102018370785250e-01
7.032021723544916447e-02
-8.382860402321171134e-02
4.121679148493974654e-01
-1.581714681312267889e-01
1.102355850246452329e+00
3.198072199937993521e-01
-4.977439134069553184e+00
-3.100797948597675546e-01
-1.242359499664965838e+00
0.000000000000000000e+00

1.614332569562561437e+00
2.845286762560288868e-02
1.626381927209228084e-01
-2.412930498504645832e-02
-3.181649786483559811e-02
3.843749418477775959e-01
-1.797278954681736374e-01
1.297479812951432887e+00
2.730838443061164300e-01
-4.860405070397534111e+00
-3.504027702922123400e-01
-1.435289395586447414e+00
0.000000000000000000e+00

1.614005839838471124e+00
3.599183719004888510e-02
1.840447308336679300e-01
-1.196246565995847527e-01
1.339913973567560812e-02
3.537807645428927561e-01
-1.850655965714333995e-01
1.468811402853017256e+00
2.170912023946851288e-01
-4.695167217935404480e+00
-3.799771728196420506e-01
-1.577923898845098982e+00
0.000000000000000000e+00

1.612266259621537579e+00
4.384649380986072043e-02
2.044694593555992090e-01
-2.129568426629347422e-01
4.891367101690565627e-02
3.230534589288256986e-01
-1.742227274587590524e-01
1.608178401921807943e+00
1.504856088478375153e-01
-4.491403068056853520e+00
-3.970741946793638344e-01
-1.656432050765440867e+00
0.000000000000000000e+00

1.609063085889317346e+00
5.192019715511847489e-02
2.230004596344655476e-01
-3.007249016035818401e-01
7.292288801119939379e-02
2.945760901692464628e-01
-1.485928545507566589e-01
1.709521914523090658e+00
7.246687079446134661e-02
-4.258956854152619265e+00
-4.013442147189396625e-01
-1.660833227175738447e+00
0.000000000000000000e+00

1.604292731602698252e+00
6.006554606926961526e-02
2.388474455443191924e-01
-3.795341461580299391e-01
8.480456732328557623e-02
2.702696965464190249e-01
-1.107091102666178523e-01
1.769252128586155104e+00
-1.715335339007716814e-02
-4.007211813606835094e+00
-3.937546944125182580e-01
-1.585680981879139084e+00
0.000000000000000000e+00

1.597835865756857654e+00
6.810477455475894004e-02
2.514010513874584407e-01
-4.462673417112487662e-01
8.501350496144695346e-02
2.514522804770504827e-01
-6.385529239903926790e-02
1.786353780245878875e+00
-1.179628736814445078e-01
-3.744474187593000991e+00
-3.763890184350534018e-01
-1.430378023554877531e+00
0.000000000000000000e+00

1.589574123340759870e+00
7.587481546713573111e-02
2.602771517272994828e-01
-4.982693190958076279e-01
7.493133536037364928e-02
2.387905066052732062e-01
-1.172808721683628319e-02
1.762219652283328220e+00
-2.290414711560530003e-01
-3.477499464604671964e+00
-3.520970200697722818e-01
-1.199131204384214833e+00
0.000000000000000000e+00

1.579428568130808230e+00
8.324618236461549248e-02
2.653281264902406789e-01
-5.335341983265826649e-01
5.658640882785215265e-02
2.322976700793151772e-01
4.195315589138939871e-02
1.700294506286605278e+00
-3.490861624588688650e-01
-3.211252115819366537e+00
-3.241338937535921394e-01
-9.004969226119960979e-01
0.000000000000000000e+00

1.567373070019883130e+00
9.014807538676475329e-02
2.666357009375707743e-01
-5.508155238383908303e-01
3.241607349905544638e-02
2.313817854051160305e-01
9.371616815611091833e-02
1.605591119084220697e+00
-4.765330531956166737e-01
-2.948809774893722757e+00
-2.957817644603250029e-01
-5.466561370189699787e-01
0.000000000000000000e+00

1.553463666896871542e+00
9.656891247620824625e-02
2.644701765447132202e-01
-5.496719577440629667e-01
4.948756578539159623e-03
2.349716242159784196e-01
1.406047097425454639e-01
1.484121198963214150e+00
-6.097203992279710549e-01
-2.691514858635955854e+00
-2.700142879740094481e-01
-1.524605598317682054e-01
0.000000000000000000e+00

1.537835058243586461e+00
1.025503705690594403e-01
2.592449252859710396e-01
-5.304578927326945026e-01
-2.339613064734950149e-02
2.416413331656903363e-01
1.802992568696302200e-01
1.342371351893679288e+00
-7.469738901253015761e-01
-2.439249362241790120e+00
-2.492446520059865278e-01
2.656433187254519934e-01
0.000000000000000000e+00

1.520709901793525942e+00
1.081799666540874394e-01
2.514622566072021170e-01
-4.942549785235100246e-01
-5.050576236394298257e-02
2.497524648905414535e-01
2.112070351636219367e-01
1.186820252794856367e+00
-8.866906229567356190e-01
-2.190832817133308907e+00
-2.351537152693945754e-01
6.906949819945685798e-01
0.000000000000000000e+00

1.502378347928515323e+00
1.135729486761288265e-01
2.416631036215229900e-01
-4.427722559098029587e-01
-7.464008738347786831e-02
2.576133957043897360e-01
2.324178782012432665e-01
1.023522382958088173e+00
-1.027358302810312818e+00
-1.944492595410820535e+00
-2.286030649154285055e-01
1.106227739224563411e+00
0.000000000000000000e+00

1.483180809192246707e+00
1.188572225750104960e-01
2.303859477173179071e-01
-3.781983488494973789e-01
-9.449865950479838239e-02
2.636373694752067176e-01
2.436570407423388762e-01
8.578456562071863356e-01
-1.167610485325498937e+00
-1.698278336576864334e+00
-2.296423244548801423e-01
1.497126948506652289e+00
0.000000000000000000e+00

1.463493750985020547e+00
1.241569792825116536e-01
2.181410353100022015e-01
-3.030797654658902718e-01
-1.092071623174838135e-01
2.664178483379225360e-01
2.451878971836695120e-01
6.943122221099990998e-01
-1.306178112199720687e+00
-1.450457961290748887e+00
-2.375731007490408941e-01
1.850299066300324702e+00
0.000000000000000000e+00

1.443698794122442397e+00
1.295745236807313017e-01
2.053890913783169014e-01
-2.201631213713418078e-01
-1.182684711229435998e-01
2.648537624888586128e-01
2.376696001695809968e-01
5.364833290267841948e-01
-1.441906321913283939e+00
-1.199798607680939710e+00
-2.510650742116171674e-01
2.155131276394190998e+00
0.000000000000000000e+00

1.424163461055479862e+00
1.351869007600720873e-01
1.925388356045942828e-01
-1.322905596806845663e-01
-1.214705335797522379e-01
2.581805192797815285e-01
2.220078673946108971e-01
3.870278953612378281e-01
-1.573726930229888410e+00
-9.457592013024757049e-01
-2.683078445960217495e-01
2.403755635248160161e+00
0.000000000000000000e+00

1.405222014961178711e+00
1.410256534994047128e-01
1.799420779121879144e-01
-4.228106148781832913e-02
-1.188420223489275729e-01
2.459689797744914475e-01
1.992581618535833876e-01
2.477766451124628622e-01
-1.700617635478133494e+00
-6.885861458300227556e-01
-2.871824867232587453e-01
2.591120063398738349e+00
0.000000000000000000e+00

1.387159666695201965e+00
1.470864876782542463e-01
1.678954128259776690e-01
4.713720720495322841e-02
-1.105537642132834175e-01
2.281572498767923951e-01
1.704870801012761672e-01
1.198719590558580406e-01
-1.821645818229775449e+00
-4.292824509462177529e-01
-3.054223024206608184e-01
2.714907314342773326e+00
0.000000000000000000e+00

1.370202919867245184e+00
1.533233978320340807e-01
1.566405386488058660e-01
1.334232201840944987e-01
-9.687875379737692638e-02
2.049935525628313882e-01
1.367016279999720696e-01
3.886019993099069231e-03
-1.935950174005720559e+00
-1.695192375931232343e-01
-3.207719060117443788e-01
2.775327433547404077e+00
0.000000000000000000e+00

1.354520939749280561e+00
1.596551808404123862e-01
1.463736882232000158e-01
2.142459268822858864e-01
-7.812413268064163918e-02
1.769708618494012231e-01
9.878736141949716332e-02
-1.000063145166951994e-01
-2.042736020241898931e+00
8.849839677846729757e-02
-3.311363386508795470e-01
2.774824511288913165e+00
0.000000000000000000e+00

1.340221803163166525e+00
1.659714021439791520e-01
1.372455180422200161e-01
2.875192663759443268e-01
-5.460653077314987086e-02
1.448152368583939253e-01
5.747151348469110160e-02
-1.918924157321930113e-01
-2.141347793744905026e+00
3.422328813133875269e-01
-3.346849764903462865e-01
2.717732179526032521e+00
0.000000000000000000e+00

1.327366515777923084e+00
1.721455656362711750e-01
1.293658688575866633e-01
3.514417583519689470e-01
-2.665255892498655244e-02
1.093687800487132822e-01
1.334804069953194477e-02
-2.720104077230328654e-01
-2.231235358077060749e+00
5.889667526025543776e-01
-3.299545255430100243e-01
2.609886222623265084e+00
0.000000000000000000e+00

1.315954375868446657e+00
1.780400815558935701e-01
1.228072785383374776e-01
4.045170227354642489e-01
5.428676675521833250e-03
7.159300883829199103e-02
-3.314685858425471532e-02
-3.406670511722088568e-01
-2.312010195230520093e+00
8.260066847810539903e-01
-3.158863547416202455e-01
2.458238975990611141e+00
0.000000000000000000e+00

1.305960269991242262e+00
1.835170121567215040e-01
1.176092608207687240e-01
4.455584106459024030e-01
4.130952877129170919e-02
3.244197652390088532e-02
-8.165240772383404455e-02
-3.981556741816715816e-01
-2.383422486495625936e+00
1.050835639633029173e+00
-2.919032564278347119e-01
2.270475444624009853e+00
0.000000000000000000e+00

1.297313941999006737e+00
1.884422633827547988e-01
1.137796702077079197e-01
4.737114402299054672e-01
8.063281187239598746e-02
-7.112563266471232798e-03
-1.318681205220664232e-01
-4.447470232191093054e-01
-2.445427953426266399e+00
1.261240081634793953e+00
-2.578937283602937836e-01
2.054667304256638793e+00
0.000000000000000000e+00

1.289934935222048829e+00
1.926942017233837512e-01
1.112979627035715069e-01
4.884507113266022271e-01
1.230065142615225648e-01
-4.616686033172666404e-02
-1.835114066294905033e-01
-4.806578064211339263e-01
-2.498140117415124983e+00
1.455398589053443326e+00
-2.142058697093888464e-01
1.818952209602146430e+00
0.000000000000000000e+00

1.283721881175990953e+00
1.961667134821437897e-01
1.101137246322802382e-01
4.896045726393697950e-01
1.679627136238763807e-01
-8.390158535931956096e-02
-2.362630921326566436e-01
-5.060922429505625431e-01
-2.541840764121963581e+00
1.631950076027729235e+00
-1.616283690889662172e-01
1.571238408907510209e+00
0.000000000000000000e+00

1.278561455432081440e+00
1.987599903103999255e-01
1.101515099443541867e-01
4.773363483819919040e-01
2.149531031740239129e-01
-1.196108448198196644e-01
-2.897322094194054731e-01
-5.212276644139928194e-01
-2.576953332109327643e+00
1.790013391067918347e+00
-1.013512682744028143e-01
1.318996130112410237e+00
0.000000000000000000e+00

1.274334366315931222e+00
2.003904581857752776e-01
1.113105059296471133e-01
4.521544045967502701e-01
2.633417938195049546e-01
-1.527145623976467470e-01
-3.434383831174054325e-01
-5.262680394432288633e-01
-2.604043142970154712e+00
1.929202545320079620e+00
-3.490540325776037706e-02
1.069053564834343106e+00
0.000000000000000000e+00

1.270927773521445925e+00
2.009880734581169781e-01
1.134667648040948579e-01
4.148728216300913152e-01
3.124238385975224297e-01
-1.827916623885874337e-01
-3.968144867934614295e-01
-5.214583206691836281e-01
-2.623750414188966928e+00
2.049580222466021784e+00
3.590341746519723487e-02
8.274568533064194931e-01
0.000000000000000000e+00

1.268222823726911752e+00
2.004868756353893611e-01
1.164746835432706046e-01
3.666070835677711637e-01
3.613876462109708587e-01
-2.095474964917397043e-01
-4.491631054579569016e-01
-5.071421504251457657e-01
-2.636803492653238212e+00
2.151652454688657290e+00
1.090722913641322123e-01
5.993709474663075909e-01
0.000000000000000000e+00

1.266108319337577282e+00
1.988305639533627933e-01
1.201716180815037421e-01
3.087159181535868990e-01
4.093880330682991842e-01
-2.328431427957616817e-01
-4.997158784210059546e-01
-4.837449213395669245e-01
-2.643968362452274512e+00
2.236286631145083081e+00
1.824719465626248316e-01
3.890303840936091273e-01
0.000000000000000000e+00

1.264481204606139109e+00
1.959635394414889764e-01
1.243812627613065241e-01
2.427764817678822185e-01
4.555350416314557505e-01
-2.527008945236502990e-01
-5.476183918866104339e-01
-4.518312294172510124e-01
-2.645976551993845849e+00
2.304635932432938183e+00
2.539336150452177754e-01
1.997172988812069283e-01
0.000000000000000000e+00

1.263243854126243848e+00
1.918386643997796459e-01
1.289187887696800205e-01
1.705004083583352148e-01
4.989344181328815853e-01
-2.692494050426291197e-01
-5.919821031900829311e-01
-4.120924340304883970e-01
-2.643565334710682002e+00
2.358085789513650443e+00
3.213485420622573807e-01
3.377459199044922922e-02
0.000000000000000000e+00

1.262306412532922417e+00
1.864109435205379139e-01
1.335953063834389998e-01
9.370772980145025688e-02
5.387060256959017579e-01
-2.827460731859161025e-01
-6.318985103639294110e-01
-3.653718868251754071e-01
-2.637409303192015830e+00
2.398180998032578781e+00
3.827317309399304035e-01
-1.073518225722770170e-01
0.000000000000000000e+00

1.261593783506341993e+00
1.796411795743429463e-01
1.382260027544243430e-01
1.421913298556393319e-02
5.740301943148170549e-01
-2.935571946777795205e-01
-6.664911541654632288e-01
-3.126422996553056000e-01
-2.628079563398657559e+00
2.426512924776996538e+00
4.363119651492700646e-01
-2.230519250241765894e-01
0.000000000000000000e+00

1.261040544273362318e+00
1.714963423324068759e-01
1.426322606423550687e-01
-6.617205001599149594e-02
6.041473764519914580e-01
-3.021052848558315462e-01
-6.949395541152603162e-01
-2.550088065173680141e-01
-2.616066806277302259e+00
2.444657064262023116e+00
4.806030894738407278e-01
-3.134583769730151515e-01
0.000000000000000000e+00

1.260590808311987221e+00
1.619517290581441171e-01
1.466513252104754417e-01
-1.457867694864833086e-01
6.284198030545127267e-01
-3.088796079583934207e-01
-7.165445973636097587e-01
-1.936837320128360351e-01
-2.601729610257530911e+00
2.454106067182062922e+00
5.144765791375429664e-01
-3.793559874598491088e-01
0.000000000000000000e+00

1.260189996700972426e+00
1.509928088375691035e-01
1.501368882217169742e-01
-2.231089220831016795e-01
6.463029301925528047e-01
-3.143795480654273389e-01
-7.307203159830784056e-01
-1.299688533260290879e-01
-2.585290205711924916e+00
2.456157466909960174e+00
5.371799590899658527e-01
-4.220707992473980985e-01
0.000000000000000000e+00

1.259802083654915528e+00
1.386224092916416017e-01
1.529679255002978633e-01
-2.968547300454801863e-01
6.573903142505007624e-01
-3.191098733807609111e-01
-7.370457772290495146e-01
-6.518974939109059563e-02
-2.566832028855476899e+00
2.451888321209315436e+00
5.483949354995655279e-01
-4.433604369108268273e-01
0.000000000000000000e+00

1.259394337942718156e+00
1.248545012393883630e-01
1.550462220594884255e-01
-3.659774246054583458e-01
6.613909828958365322e-01
-3.235617394679164427e-01
-7.352637251422177167e-01
-7.092340297675803207e-04
-2.546288731301812991e+00
2.442086466448625259e+00
5.482411632929365952e-01
-4.452925864642164333e-01
0.000000000000000000e+00

1.258934414056448681e+00
1.097279224585864937e-01
1.563056033386666099e-01
-4.297264925468922692e-01
6.581699975681587489e-01
-3.281575603153844556e-01
-7.253282258135788085e-01
6.215923302016360813e-02
-2.523466577700073099e+00
2.427226501340890241e+00
5.372788537117841878e-01
-4.301399491000637010e-01
0.000000000000000000e+00

1.258396962466954205e+00
9.329929390375618636e-02
1.567056819457199324e-01
-4.876526216888217857e-01
6.476906328894371789e-01
-3.332651236553477170e-01
-7.073529579068548179e-01
1.221624427687996312e-01
-2.498031721775662461e+00
2.407409537694590540e+00
5.164786461044423849e-01
-4.002619131157942878e-01
0.000000000000000000e+00

1.257762095144853376e+00
7.565346990546417683e-02
1.562368006845597235e-01
-5.395917435674327800e-01
6.300557267352879798e-01
-3.391707419399053736e-01
-6.816548581175344568e-01
1.781593221653114956e-01
-2.469541299698550407e+00
2.382409705445266201e+00
4.871846321680490255e-01
-3.580155439458002076e-01
0.000000000000000000e+00

1.257004929711127872e+00
5.689657873953080092e-02
1.549166710749801112e-01
-5.856757167133358477e-01
6.054542421371390537e-01
-3.460318626568275602e-01
-6.487125442409122922e-01
2.291194390529100178e-01
-2.437502477882784291e+00
2.351662750201490848e+00
4.510835210992172883e-01
-3.056540718641610477e-01
0.000000000000000000e+00

1.256114506284548682e+00
3.716568387431577053e-02
1.527879333232007031e-01
-6.262931440941249539e-01
5.741821089749189477e-01
-3.539096469495935371e-01
-6.091812752554494059e-01
2.741600130213186493e-01
-2.401376866483072803e+00
2.314305211806205520e+00
4.101405832453227651e-01
-2.452557501847223986e-01
0.000000000000000000e+00

1.255070465570395255e+00
1.662483650675138439e-02
1.499132992650982765e-01
-6.620419791483463934e-01
5.366013751510858576e-01
-3.627207320190139472e-01
-5.638418174106925029e-01
3.125686424197294810e-01
-2.360625517027683085e+00
2.269227166034907039e+00
3.664934184265782324e-01
-1.786764381295577186e-01
0.000000000000000000e+00

1.253868434344549643e+00
-4.541451642146497603e-03
1.463721199348118340e-01
-6.936803483725280106e-01
4.931362547233651972e-01
-3.722603033660451533e-01
-5.136042455988930611e-01
3.437603586187239491e-01
-2.314787432825894609e+00
2.215158645349205369e+00
3.224305307636398110e-01
-1.074917952658794862e-01
0.000000000000000000e+00

1.252508518693804307e+00
-2.612079758816004266e-02
1.422561687968360022e-01
-7.220844998691381411e-01
4.442681477848549054e-01
-3.821866182012104152e-01
-4.594637800508067360e-01
3.673731476614007785e-01
-2.263507191189134904e+00
2.150746103714489710e+00
2.802373495352845634e-01
-3.300006326007441648e-02
0.000000000000000000e+00

1.251002529334522384e+00
-4.788859038512878474e-02
1.376587621455245825e-01
-7.481611284157373420e-01
3.905030841477037384e-01
-3.920385606546160084e-01
-4.024853294898564915e-01
3.831641492170752006e-01
-2.206597918117183532e+00
2.074658026561884139e+00
2.421642924655918461e-01
4.378948196818978345e-02
0.000000000000000000e+00

1.249370644797169749e+00
-6.960104678811170065e-02
1.326730324894151158e-01
-7.727843125439987082e-01
3.323927693930013860e-01
-4.012153112562702462e-01
-3.437737892517180871e-01
3.911104979557684103e-01
-2.144095262311757732e+00
1.985678117977565771e+00
2.102750005706434111e-01
1.221216898823058172e-01
0.000000000000000000e+00

1.247645196088182917e+00
-9.100929186220488298e-02
1.273855921177830253e-01
-7.967506960206832689e-01
2.705192560128264478e-01
-4.090302914316639726e-01
-2.844485526826097121e-01
3.913510016116946155e-01
-2.076271296612794970e+00
1.882810674404143292e+00
1.863843976374285338e-01
2.014538263084805492e-01
0.000000000000000000e+00

1.245874100641031434e+00
-1.118660458562114324e-01
1.218690005676725946e-01
-8.207091896480157578e-01
2.055011656927140662e-01
-4.147335483473128526e-01
-2.256156715331491536e-01
3.842196433982810744e-01
-2.003667249668050321e+00
1.765394593493119446e+00
1.719534781227548548e-01
2.813965942308325752e-01
0.000000000000000000e+00

1.244124556463898967e+00
-1.319277195311440720e-01
1.161781455007087488e-01
-8.451179153583388004e-01
1.380021174932159755e-01
-4.175161163150477583e-01
-1.683643366964788224e-01
3.702209590950626406e-01
-1.927122884276540660e+00
1.633156675018710091e+00
1.680282158370560441e-01
3.616404101397240334e-01
0.000000000000000000e+00

1.242467761464412401e+00
-1.509632062178266065e-01
1.103497408462952301e-01
-8.702174961711703904e-01
6.874619107886389968e-02
-4.165495939724881413e-01
-1.137395193637618651e-01
3.500585351596697814e-01
-1.847740792726171755e+00
1.486257312744552195e+00
1.751484990180146306e-01
4.418779913377503532e-01
0.000000000000000000e+00

1.240999236211902002e+00
-1.687652571113955891e-01
1.043994916660079125e-01
-8.960064835835352959e-01
-1.479880856919902482e-03
-4.110430059570328032e-01
-6.272773985072951919e-02
3.246092160058031140e-01
-1.766867734402124634e+00
1.325358951407052288e+00
1.933262520102361215e-01
5.217291136555279873e-01
0.000000000000000000e+00

1.239814041382789389e+00
-1.851494907821851221e-01
9.832309628741146834e-02
-9.222396876040735991e-01
-7.181141570409738106e-02
-4.002831292046746814e-01
-1.625969181959346921e-02
2.948924784536451349e-01
-1.686022417641493520e+00
1.151592848407803515e+00
2.220327359169909920e-01
6.006676375828338132e-01
0.000000000000000000e+00

1.239023062094302574e+00
-1.999604347014536099e-01
9.209907036749780118e-02
-9.484295164361423724e-01
-1.412924262305533529e-01
-3.836498504435956747e-01
2.479013560959154872e-02
2.620704443503243941e-01
-1.606883679403887211e+00
9.665606318574743172e-01
2.602222084967034665e-01
6.779609592492003012e-01
0.000000000000000000e+00

1.238740936975866624e+00
-2.130752404166913472e-01
8.569002503526150505e-02
-9.738712114434200373e-01
-2.088883238307149837e-01
-3.606703899406479286e-01
5.962475233496269955e-02
2.274079863114177869e-01
-1.531159202087613913e+00
7.722516995592184630e-01
3.063534337258934648e-01
7.526322400278883107e-01
0.000000000000000000e+00

1.239083090461712500e+00
-2.244070175041398829e-01
7.905157152955050170e-02
-9.976869000691996892e-01
-2.734847026580438656e-01
-3.310872273780862685e-01
8.752109520977990886e-02
1.922268229816268270e-01
-1.460505272412217170e+00
5.709925205248151947e-01
3.584994740052993012e-01
8.234340022536256187e-01
0.000000000000000000e+00

1.240161945372242780e+00
-2.338991441226150880e-01
7.213349984084869992e-02
-1.018850077466260773e+00
-3.338989946478752580e-01
-2.948363901560522304e-01
1.078293219063003322e-01
1.578743344143652694e-01
-1.396455945840592072e+00
3.653300133208995382e-01
4.144323431378890699e-01
8.888525556369840652e-01
0.000000000000000000e+00

1.242085821274644397e+00
-2.415294176482739030e-01
6.488887733435652616e-02
-1.036247200276804614e+00
-3.889227532304835866e-01
-2.521129760745202120e-01
1.200023001693642094e-01
1.256546487992286631e-01
-1.340304612272553264e+00
1.579193472190489056e-01
4.717596745533839120e-01
9.471358654794009846e-01
0.000000000000000000e+00

1.244953209250150739e+00
-2.473038796275650597e-01
5.727829046202675273e-02
-1.048711019433734348e+00
-4.373373149342990596e-01
-2.033838601566091142e-01
1.236009478950860496e-01
9.679422260401346345e-02
-1.293018621169403248e+00
-4.859529254959110700e-02
5.280436644480479558e-01
9.963327315219102642e-01
0.000000000000000000e+00

1.248851514102083726e+00
-2.512556518804395789e-01
4.927514492262013990e-02
-1.055090416323433811e+00
-4.779581722202181360e-01
-1.493702761408808866e-01
1.182876513811168817e-01
7.234822647361406622e-02
-1.255178240561290570e+00
-2.517005223490376142e-01
5.809934363825687287e-01
1.034370686294922681e+00
0.000000000000000000e+00

1.253857291101458715e+00
-2.534452012022820888e-01
4.086823996660653852e-02
-1.054281602577167298e+00
-5.096994953274687212e-01
-9.106618346604715419e-02
1.038881512926544959e-01
5.319523486552442393e-02
-1.226911428365892620e+00
-4.491268220847188797e-01
6.285488255882322184e-01
1.059127550467637180e+00
0.000000000000000000e+00

1.260022244544637626e+00
-2.539504327579161780e-01
3.206821228102554877e-02
-1.045301169694037080e+00
-5.315937680095677020e-01
-2.969676098657766244e-02
8.035160480705817732e-02
3.994852992810814241e-02
-1.207857097597346385e+00
-6.389756466081288888e-01
6.690668832167998570e-01
1.068530998952676114e+00
0.000000000000000000e+00

1.267389573517841761e+00
-2.528671618276948641e-01
2.290556395883864421e-02
-1.027310743163787787e+00
-5.428688108789703204e-01
3.330352150743844802e-02
4.778783020429633321e-02
3.290712393371478250e-02
-1.197161312651013665e+00
-8.197990092409698226e-01
7.014390269751670237e-01
1.060650462587799048e+00
0.000000000000000000e+00

1.275977171732261217e+00
-2.503092957009830366e-01
1.343198350086322913e-02
-9.996779121570978921e-01
-5.429741160143254364e-01
9.634974521241429501e-02
6.457101403883096918e-03
3.205396062305355953e-02
-1.193488608018006936e+00
-9.906644170108053205e-01
7.251466417523777519e-01
1.033791074428332957e+00
0.000000000000000000e+00

1.285784531419208232e+00
-2.463978106142668822e-01
3.716994466332045402e-03
-9.619792765610620799e-01
-5.316206231310819375e-01
1.577536789329916922e-01
-4.323966581358665295e-02
3.700715673334042943e-02
-1.195052802180237128e+00
-1.151228610277988063e+00
7.403319747581287302e-01
9.865711716384280017e-01
0.000000000000000000e+00

1.296792855266601707e+00
-2.412641725706370921e-01
-6.151393569655462350e-03
-9.140728546658294373e-01
-5.088159809593080229e-01
2.157990825810877367e-01
-1.007780136531228610e-01
4.702273332907448700e-02
-1.199691350916454402e+00
-1.301732854531362893e+00
7.478303694095996823e-01
9.179861846313120965e-01
0.000000000000000000e+00

1.308964462523522165e+00
-2.350490810073290748e-01
-1.607422065471899100e-02
-8.560825163631142765e-01
-4.748727949744818710e-01
2.688148094090174189e-01
-1.655371412147446097e-01
6.100581679245853373e-02
-1.204948132367842151e+00
-1.443023136439680831e+00
7.491230669046967661e-01
8.274614306666241426e-01
0.000000000000000000e+00

1.322246949584511722e+00
-2.278913464908492448e-01
-2.594399219790702316e-02
-7.884280497149426248e-01
-4.303964803560298424e-01
3.152518651165971408e-01
-2.368378611266069578e-01
7.757876546425501729e-02
-1.208180700223020043e+00
-1.576496773528826889e+00
7.462728644131193523e-01
7.148591050822128423e-01
0.000000000000000000e+00

1.336559937211276639e+00
-2.199265188768700086e-01
-3.565251377871404836e-02
-7.118053248600360039e-01
-3.762856612078865903e-01
3.537836606085481006e-01
-3.139746876282267785e-01
9.509049794024464208e-02
-1.206674371173680482e+00
-1.704053844129663320e+00
7.418317298087744316e-01
5.804742034978335186e-01
0.000000000000000000e+00

1.351812867822215880e+00
-2.112904182974928990e-01
-4.509276853431416765e-02
-6.272009197006060965e-01
-3.136911214038918261e-01
3.833432740061738508e-01
-3.962605028972750465e-01
1.117091162495121998e-01
-1.197761455659771102e+00
-1.828000496796912788e+00
7.386908954651993930e-01
4.250106137749302682e-01
0.000000000000000000e+00

1.367902206118910780e+00
-2.021049772095607211e-01
-5.416938999665685955e-02
-5.358231419433165943e-01
-2.439743238319443952e-01
4.032056238357510369e-01
-4.830496764503506846e-01
1.255122955843710475e-01
-1.178941403756329498e+00
-1.950952432166728423e+00
7.399179538424913716e-01
2.495184130517981436e-01
0.000000000000000000e+00

1.384698833050140632e+00
-1.924816913295889775e-01
-6.279956904903195858e-02
-4.391298261976870343e-01
-1.686552073407478758e-01
4.130427251642471709e-01
-5.737714839679364243e-01
1.345956125240925505e-01
-1.148004618319398151e+00
-2.075709391839178242e+00
7.485808867605763250e-01
5.532649966822145160e-02
0.000000000000000000e+00

1.402058806548548198e+00
-1.825153615992520240e-01
-7.091849604199353119e-02
-3.387475752420054387e-01
-8.934402927458001686e-02
4.129427631879656335e-01
-6.679532368287195432e-01
1.371527323966903744e-01
-1.103113431262229494e+00
-2.205132062528831316e+00
7.675685768561593125e-01
-1.560342852328931440e-01
0.000000000000000000e+00

1.419823108576307780e+00
-1.722819330875924870e-01
-7.848373904042078852e-02
-2.364150611951779390e-01
-7.687034658846481419e-03
4.034483207167831598e-01
-7.652216266865621286e-01
1.315612562963776322e-01
-1.042906650444017869e+00
-2.342009852935468039e+00
7.994023154515779161e-01
-3.829166019092051787e-01
0.000000000000000000e+00

1.437819084861291286e+00
-1.618400355964080828e-01
-8.547350590050230290e-02
-1.339411361639023801e-01
7.472565038358239264e-02
3.854945678570320666e-01
-8.653236617657119600e-01
1.164881266124706549e-01
-9.665153959879844159e-01
-2.488933450353854049e+00
8.460575229698861222e-01
-6.236321330311722644e-01
0.000000000000000000e+00

1.455844078918217877e+00
-1.512209768472373150e-01
-9.188812663022700999e-02
-3.316914312541107551e-02
1.564106406851572262e-01
3.604305146596952225e-01
-9.681112717735462780e-01
9.098019006235261164e-02
-8.736205684895015366e-01
-2.648186070049444840e+00
9.088224946194842779e-01
-8.765328077726073364e-01
0.000000000000000000e+00

1.473686085313917316e+00
-1.404494184202183249e-01
-9.774998593002148795e-02
6.413481513540730816e-02
2.360351085909339619e-01
3.299190940954788709e-01
-1.073491955051633973e+00
5.449403478527349576e-02
-7.644194983771838148e-01
-2.821642892276976067e+00
9.881429878076293249e-01
-1.140043911411470656e+00
0.000000000000000000e+00

1.491117734706311593e+00
-1.295312823719850515e-01
-1.031022463482249574e-01
1.563067878182025083e-01
3.124883189503098180e-01
2.958766508101632886e-01
-1.181430442536809844e+00
6.984041503426154790e-03
-6.396013722717687200e-01
-3.010696277238359198e+00
1.083513224042108369e+00
-1.412700815335148130e+00
0.000000000000000000e+00

1.507892797032247323e+00
-1.184666565455759074e-01
-1.080035123748678133e-01
2.418505001531066345e-01
3.848967085478449124e-01
2.603703184640784873e-01
-1.291876881153598333e+00
-5.109068442371527546e-02
-5.002749370797877626e-01
-3.216164753440224455e+00
1.193376394673444363e+00
-1.693151576795107083e+00
0.000000000000000000e+00

1.523756796998567919e+00
-1.072514025167265322e-01
-1.125206906158769116e-01
3.194513106232766408e-01
4.526594909485622820e-01
2.254904664609460041e-01
-1.404719480531451126e+00
-1.187105759926462417e-01
-3.478563884892520996e-01
-3.438274681840471914e+00
1.315045294109516760e+00
-1.980136192745229895e+00
0.000000000000000000e+00

1.538446918122534646e+00
-9.589246174479039431e-02
-1.167276024259101957e-01
3.880623905380139460e-01
5.154498543314312009e-01
1.932400383488613871e-01
-1.519704049525272049e+00
-1.943155292022822056e-01
-1.839856376896855383e-01
-3.676588294057371087e+00
1.444663875665492370e+00
-2.272423634719260122e+00
0.000000000000000000e+00

1.551694578704608363e+00
-8.440643858288260359e-02
-1.206924616653487492e-01
4.468625672722273956e-01
5.732038621332565809e-01
1.654156359092400219e-01
-1.636362160063620230e+00
-2.758070629779697525e-01
-1.037867923927751970e-02
-3.930004053489628113e+00
1.577209203097441836e+00
-2.568729379562175286e+00
0.000000000000000000e+00

1.563240560741580465e+00
-7.283317287606785873e-02
-1.244747029938663707e-01
4.953090945289293501e-01
6.260809393922576183e-01
1.435055388187597702e-01
-1.753916095660172925e+00
-3.606048411849817614e-01
1.712425572403672991e-01
-4.196729590854889835e+00
1.706500752867787796e+00
-2.867611706203697874e+00
0.000000000000000000e+00

1.572835153806587005e+00
-6.123198485428344578e-02
-1.281122630945416840e-01
5.330957257201016652e-01
6.744544249143548109e-01
1.285685768412072327e-01
-1.871214854960899343e+00
-4.456834337359072973e-01
3.593180459298697671e-01
-4.474283841993826449e+00
1.825321471760894099e+00
-3.167325256722399729e+00
0.000000000000000000e+00

1.580250712269025248e+00
-4.969093570986996694e-02
-1.316183090033521408e-01
5.601760596722625829e-01
7.188309330362123717e-01
1.211981606629736336e-01
-1.986677668896944526e+00
-5.277491315815793227e-01
5.524700408109365357e-01
-4.759497754370869416e+00
1.925571579065627814e+00
-3.465664877976696090e+00
0.000000000000000000e+00

1.585292485823357245e+00
-3.831927155076303437e-02
-1.349694710390165475e-01
5.766903666921068261e-01
7.598006154015415348e-01
1.214506278541065964e-01
-2.098256289368187755e+00
-6.033265869897105338e-01
7.495955883402162234e-01
-5.048551480206867836e+00
1.998539694637020858e+00
-3.759803783184164416e+00
0.000000000000000000e+00

1.587803629897583502e+00
-2.724429177732858032e-02
-1.381067456225934797e-01
5.829792130530854211e-01
7.979693084774956979e-01
1.288845382005967821e-01
-2.203458209836610671e+00
-6.689865192762325385e-01
9.498495342822483867e-01
-5.337013528405734952e+00
2.035231977118770796e+00
-4.046111293560916700e+00
0.000000000000000000e+00

1.587685467296756414e+00
-1.660003201820517416e-02
-1.409316667716852267e-01
5.795165048756245607e-01
8.338668241289413086e-01
1.425733060820594811e-01
-2.299386868245777205e+00
-7.215273691184188598e-01
1.152609100714184764e+00
-5.619934086409487328e+00
2.026800218757781380e+00
-4.320013443119755436e+00
0.000000000000000000e+00

1.584901004970427740e+00
-6.521328983446997296e-03
-1.433153648393678536e-01
5.669307247222012958e-01
8.678721465097629650e-01
1.611520506944681963e-01
-2.382830145915788567e+00
-7.582263798189718962e-01
1.357447231093499518e+00
-5.891936563240378177e+00
1.965038274345928260e+00
-4.575887638263908208e+00
0.000000000000000000e+00

1.579478071333217937e+00
2.880808888349850605e-03
-1.451018236879020595e-01
5.459313694943122020e-01
9.001615397551415709e-01
1.829721996132221973e-01
-2.450434967168918288e+00
-7.770028201128470480e-01
1.563980345161277263e+00
-6.147371499669064931e+00
1.842935457923336351e+00
-4.806996877788566103e+00
0.000000000000000000e+00

1.571525893659284412e+00
1.151555383229518892e-02
-1.461244216806821816e-01
5.173309009884813348e-01
9.306245045823231532e-01
2.061668119062730065e-01
-2.498853407440113639e+00
-7.766260244000149360e-01
1.771791944885789283e+00
-6.380497725411767185e+00
1.655206839770283045e+00
-5.005544812921526976e+00
0.000000000000000000e+00

1.561221611563335054e+00
1.934375698913293196e-02
-1.462270387320722953e-01
4.820588524787084439e-01
9.588484856713068716e-01
2.288344802779175846e-01
-2.524973182865270172e+00
-7.568360729010410459e-01
1.980288922370957660e+00
-6.585694370069048453e+00
1.398823491200635871e+00
-5.162826855391800862e+00
0.000000000000000000e+00

1.548804828135818878e+00
2.637611065955673684e-02
-1.452738143334091625e-01
4.411218198698917958e-01
9.841019622035459546e-01
2.491394708912060829e-01
-2.526093970887777651e+00
-7.183587436170040252e-01
2.188619745240319325e+00
-6.757676055826895123e+00
1.073423017492377118e+00
-5.269521898160394180e+00
0.000000000000000000e+00

1.534574512810544578e+00
3.267837199725487363e-02
-1.431804604864290453e-01
3.956421701802039781e-01
1.005315891472430501e+00
2.654691619627192467e-01
-2.500092538569969047e+00
-6.629090435379293433e-01
2.395599105829324671e+00
-6.891750267776258099e+00
6.816404803258491185e-01
-5.316102354455878753e+00
0.000000000000000000e+00

1.518876000917918079e+00
3.836680528309580063e-02
-1.399198073285519150e-01
3.468260268012321457e-01
1.021165345049529050e+00
2.764922681365259427e-01
-2.445599425020436257e+00
-5.930720352092681003e-01
2.599684580486865570e+00
-6.983996158559246936e+00
2.292441932004818939e-01
-5.293420492153151358e+00
0.000000000000000000e+00

1.502063526935156546e+00
4.360433288641334115e-02
-1.355397116357971443e-01
2.960085396765281818e-01
1.030134269599252583e+00
2.813070839354698816e-01
-2.362096595018731815e+00
-5.121587361309694053e-01
2.798982361512249550e+00
-7.031478848282485927e+00
-2.748861293525600713e-01
-5.193328408762851289e+00
0.000000000000000000e+00

1.484502709981781576e+00
4.858173711351435053e-02
-1.301673903919387809e-01
2.445769232955013195e-01
1.030602237230893170e+00
2.794006100551325034e-01
-2.249968392265058181e+00
-4.240126543048611252e-01
2.991349229388056141e+00
-7.032319799094611135e+00
-8.189706907308473838e-01
-5.009404028298376055e+00
0.000000000000000000e+00

1.466543138198312057e+00
5.349653946875865262e-02
-1.240071351214294126e-01
1.939758919738825138e-01
1.020982893065512931e+00
2.707092776630474762e-01
-2.110504298461703510e+00
-3.327571716665103096e-01
3.174481076005854163e+00
-6.985780584967112183e+00
-1.388741006962465496e+00
-4.737627832480732160e+00
0.000000000000000000e+00

1.448491183466589227e+00
5.853812922573688182e-02
-1.173364472699900685e-01
1.456872231146657259e-01
9.998494945111207066e-01
2.555804780739932558e-01
-1.945869556712277681e+00
-2.426237736862492111e-01
3.346029527531495518e+00
-6.892188442787139380e+00
-1.968013489831273777e+00
-4.376972574597491672e+00
0.000000000000000000e+00

1.430624568365610916e+00
6.387004096967231759e-02
-1.104842376826996875e-01
1.011244817121835921e-01
9.660883120965781945e-01
2.346681767276194153e-01
-1.759017379536992332e+00
-1.576714300771536459e-01
3.503766709687182068e+00
-6.752801499672092866e+00
-2.539405474196016588e+00
-3.929836659736868576e+00
0.000000000000000000e+00

1.413162466517749571e+00
6.961646702110259322e-02
-1.038180608935597576e-01
6.165824314370266235e-02
9.189865700909886082e-01
2.089045301978170177e-01
-1.553541737296117331e+00
-8.164872183214889889e-02
3.645652764802546297e+00
-6.569610667128555015e+00
-3.085160657168419807e+00
-3.402258050571993042e+00
0.000000000000000000e+00

1.396280403505379075e+00
7.585507947343865520e-02
-9.771556727987337765e-02
2.852001820441811900e-02
8.583465037631815564e-01
1.793944067819988886e-01
-1.333531029368316023e+00
-1.777255097806003381e-02
3.769922980248241018e+00
-6.345103147655698272e+00
-3.588006547091082687e+00
-2.803817280385669353e+00
0.000000000000000000e+00

1.380111219968948033e+00
8.263166662534120188e-02
-9.253983460694005514e-02
2.776352910731416657e-03
7.845130274151542737e-01
1.473533632961646911e-01
-1.103361846618721831e+00
3.140194128981070587e-02
3.875092442406538940e+00
-6.081975124940594668e+00
-4.032001699339633483e+00
-2.147283506853955082e+00
0.000000000000000000e+00

1.364752523220243763e+00
8.995736080719803074e-02
-8.861843420814866090e-02
-1.467179409127467374e-02
6.983713560539331899e-01
1.140161058174706948e-01
-8.674940206316374969e-01
6.406718902362187884e-02
3.959994951168088306e+00
-5.782971395676112181e+00
-4.403324480611650493e+00
-1.448066689137519791e+00
0.000000000000000000e+00

1.350278540311241837e+00
9.782603456923806562e-02
-8.621733833936119640e-02
-2.316335209474287837e-02
6.012956663354260822e-01
8.060493599976258083e-02
-6.302758761906215312e-01
7.925899245807585536e-02
4.023686334429066314e+00
-5.450660195108609329e+00
-4.690897825256334031e+00
-7.234167425314983468e-01
0.000000000000000000e+00

1.336735593436183978e+00
1.062258853776141959e-01
-8.552858644801615562e-02
-2.224196369705414358e-02
4.950566980449083720e-01
4.829057340909966023e-02
-3.957528705909815203e-01
7.684678862716533276e-02
4.065453801110731291e+00
-5.087418592678053741e+00
-4.886873937865906292e+00
8.437108754668548594e-03
0.000000000000000000e+00

1.324170700524547328e+00
1.151505795826947565e-01
-8.665686247801832054e-02
-1.171201906619305337e-02
3.816896122334617614e-01
1.817961278163822067e-02
-1.675170150595800822e-01
5.753343094696406618e-02
4.084690003445653694e+00
-4.695357840003724803e+00
-4.986887004940790291e+00
7.291830061855616441e-01
0.000000000000000000e+00

1.312617020649129218e+00
1.245996652438688540e-01
-8.961936524524301284e-02
8.379044260481371270e-03
2.633806206345705170e-01
-8.691452367196837725e-03
5.137667388506422794e-02
2.275790353819235473e-02
4.080904702844625476e+00
-4.276450280707038587e+00
-4.990133945752786460e+00
1.421220300014436555e+00
0.000000000000000000e+00

1.302098051439149140e+00
1.345803346701576475e-01
-9.434828931340340230e-02
3.770689167240831585e-02
1.423001790322797888e-01
-3.134828350245792011e-02
2.585049942317052540e-01
-2.540295375548212026e-02
4.053689588535403843e+00
-3.832616904874168728e+00
-4.899225565800644056e+00
2.068353895192311942e+00
0.000000000000000000e+00

1.292645463508409254e+00
1.450991130565929821e-01
-1.006944649737655795e-01
7.570011304869089797e-02
2.052233504529510366e-02
-4.886962150375304820e-02
4.520524638408057183e-01
-8.438805817060493486e-02
4.002679204009538694e+00
-3.365851456446077083e+00
-4.719894380040216220e+00
2.656346514649785551e+00
0.000000000000000000e+00

1.284286524052418832e+00
1.561472910911660961e-01
-1.084463285665625693e-01
1.215328018797240117e-01
-1.000934623986207000e-01
-6.041678873058327348e-02
6.307940141440898651e-01
-1.513461272463985929e-01
3.927628107675145586e+00
-2.878366785874317824e+00
-4.460552765922452423e+00
3.173281806564021146e+00
0.000000000000000000e+00

1.277017264926265661e+00
1.676943470250578938e-01
-1.173406140410652998e-01
1.741615390594471735e-01
-2.179446719970405677e-01
-6.519088598453431915e-02
7.940270936545125169e-01
-2.233036973733387165e-01
3.828437940573951259e+00
-2.372706191998612546e+00
-4.131788721703187228e+00
3.609788191043238115e+00
0.000000000000000000e+00

1.270855587324007940e+00
1.796725822701919772e-01
-1.270769904838138786e-01
2.323430293908429201e-01
-3.317094953309432936e-01
-6.249838060008958140e-02
9.414731905683674240e-01
-2.973346850780089756e-01
3.705196626739963861e+00
-1.851781213117672964e+00
-3.745779680209153195e+00
3.959158915639857668e+00
0.000000000000000000e+00

1.265779153736911411e+00
1.919687739568602947e-01
-1.373350145675202028e-01
2.946919218259553275e-01
-4.403418731104355999e-01
-5.175439012945787232e-02
1.073197339900366254e+00
-3.707225067475669045e-01
3.558295098761825592e+00
-1.318943870349782443e+00
-3.315770527079260344e+00
4.217286163463615623e+00
0.000000000000000000e+00

1.261761599254108690e+00
2.044236494149366812e-01
-1.477884185192080424e-01
3.597508315957860803e-01
-5.430459985248609067e-01
-3.248543980085250027e-02
1.189484341758457742e+00
-4.411135649305112372e-01
3.388401166948761922e+00
-7.779068527446527659e-01
-2.855507018970757649e+00
4.382673342134392414e+00
0.000000000000000000e+00

1.258767132889636375e+00
2.168356184668456532e-01
-1.581162301003894710e-01
4.260510239403552668e-01
-6.392222974496258869e-01
-4.397303905379436328e-03
1.290769119776931539e+00
-5.065948492109616508e-01
3.196570446553371525e+00
-2.326889146714517520e-01
-2.378753688408159928e+00
4.456288826520180102e+00
0.000000000000000000e+00

1.256740097070517370e+00
2.289581583579192725e-01
-1.680168683428375775e-01
4.921767961118626578e-01
-7.284160940662481876e-01
3.262012201508930620e-02
1.377547722358132054e+00
-5.657474429472795219e-01
2.984233712240301095e+00
3.124698883512749270e-01
-1.898887002738987473e+00
4.441449660548112632e+00
0.000000000000000000e+00

1.255603932357407082e+00
2.405162418539749103e-01
-1.772154415836903751e-01
5.568378781371537967e-01
-8.102700239683624517e-01
7.844509662073856360e-02
1.450334327884725827e+00
-6.176919948708204933e-01
2.753267212386548035e+00
8.532170987140093033e-01
-1.428520085782179150e+00
4.343640040968543836e+00
0.000000000000000000e+00

1.255286468259130706e+00
2.512180932410448264e-01
-1.854722461354068874e-01
6.189117173772906710e-01
-8.844806539402322310e-01
1.327123367640147544e-01
1.509627361426423064e+00
-6.620348050784329308e-01
2.505929802499502479e+00
1.385259942795975752e+00
-9.791601529166952256e-01
4.170388400826428921e+00
0.000000000000000000e+00

1.255684430838243104e+00
2.607654055191709896e-01
-1.925867585602890897e-01
6.774919564117241055e-01
-9.507716949989467592e-01
1.948078033206045168e-01
1.555910139510035206e+00
-6.988343738224999102e-01
2.244899731520760167e+00
1.904446610913072879e+00
-5.609654983965486341e-01
3.931014545002605498e+00
0.000000000000000000e+00

1.256679093664166524e+00
2.688601013973034859e-01
-1.983984175194706268e-01
7.319130360044410200e-01
-1.008851692031917269e+00
2.638127513192568552e-01
1.589641284548462874e+00
-7.285127879380127736e-01
1.973260761593055967e+00
2.406885560012750780e+00
-1.825066767269106771e-01
3.636376548674172593e+00
0.000000000000000000e+00

1.258149138563024572e+00
2.752241391136731052e-01
-2.027909334725262469e-01
7.817391043585861787e-01
-1.058451726267037651e+00
3.385133127399130859e-01
1.611306799315721516e+00
-7.517852253210273172e-01
1.694462309740571104e+00
2.889078311685021827e+00
1.494216433330034510e-01
3.298566410207820265e+00
0.000000000000000000e+00

1.259928896594752379e+00
2.796023690162725006e-01
-2.056851313174756779e-01
8.267781934373451547e-01
-1.099293635617922815e+00
4.174458552432959713e-01
1.621419852687832730e+00
-7.695177229017011733e-01
1.412258075983006123e+00
3.347955624965804233e+00
4.299726998675128531e-01
2.930553352865905126e+00
0.000000000000000000e+00

1.261863544945508009e+00
2.817681184878589873e-01
-2.070386445511435969e-01
8.670115217787184303e-01
-1.131117828083060051e+00
4.988194305951196839e-01
1.620570687806819565e+00
-7.826268911935172490e-01
1.130712581635448410e+00
3.780944314858675881e+00
6.563216437329973951e-01
2.545710883871127095e+00
0.000000000000000000e+00

1.263767996114450121e+00
2.815293290133846771e-01
-2.068437519732879148e-01
9.025774598147131567e-01
-1.153734953202406155e+00
5.805960204721328788e-01
1.609469830312678429e+00
-7.920305595359138362e-01
8.540879747379727105e-01
4.186043977825141482e+00
8.277156218995658232e-01
2.157405946146391251e+00
0.000000000000000000e+00

1.265457032537060655e+00
2.787318954640406465e-01
-2.051240851640512564e-01
9.337162417735500597e-01
-1.167033895718877501e+00
6.605069518104753623e-01
1.588965093321529354e+00
-7.985297627182241786e-01
5.867829363903206419e-01
4.561804487301394317e+00
9.454136155920715989e-01
1.778467841656786508e+00
0.000000000000000000e+00

1.266748308369499920e+00
2.732588118450829384e-01
-2.019288361801792331e-01
9.607333004321778613e-01
-1.171022910580184373e+00
7.360972625515621592e-01
1.560065323753476285e+00
-8.027783409593884922e-01
3.331855547189961908e-01
4.907355329990274129e+00
1.012583791931831234e+00
1.420724081318159415e+00
0.000000000000000000e+00

1.267463116801811562e+00
2.650411725220915282e-01
-1.973322910794909901e-01
9.839374622300428586e-01
-1.165842005723369379e+00
8.048317329956892197e-01
1.523929137379773202e+00
-8.052534810940231713e-01
9.757339588510749451e-02
5.222401803525714925e+00
1.034059104758706216e+00
1.094568738843522793e+00
0.000000000000000000e+00

1.267442016315365683e+00
2.540516320851486931e-01
-1.914315591726233889e-01
1.003620111256993797e+00
-1.151807549826829868e+00
8.641468042532528537e-01
1.481888777017728698e+00
-8.062593518114871127e-01
-1.160540957613398622e-01
5.507225090995691019e+00
1.016089820093082574e+00
8.086019385947889049e-01
0.000000000000000000e+00

1.266553162733115689e+00
2.403050022631842420e-01
-1.843463801754269271e-01
1.020056120399147614e+00
-1.129433797203465373e+00
9.115616257030324521e-01
1.435435390475898298e+00
-8.059719142444372597e-01
-3.041190807589801981e-01
5.762638990560827068e+00
9.659623778990371612e-01
5.693184489410764160e-01
0.000000000000000000e+00

1.264700513202114518e+00
2.238660672161598975e-01
-1.762135562160495050e-01
1.033473028542746919e+00
-1.099409629617219997e+00
9.448134460166492943e-01
1.386153196312154723e+00
-8.044693313743198626e-01
-4.636551375212533133e-01
5.989968287603028685e+00
8.916194421335430498e-01
3.809306403660856488e-01
0.000000000000000000e+00

1.261824805522035353e+00
2.048438142278074525e-01
-1.671857496645400842e-01
1.044039048900311739e+00
-1.062612049135687853e+00
9.619522031800714634e-01
1.335703419599962860e+00
-8.017732425635368809e-01
-5.924524898244405424e-01
6.191043575340616556e+00
8.013130289815890706e-01
2.453238263650119044e-01
0.000000000000000000e+00

1.257923784976151538e+00
1.833918131118140171e-01
-1.574282539087318300e-01
1.051921276886441436e+00
-1.020084810064648462e+00
9.614470623028810170e-01
1.285762450475284480e+00
-7.979234627718494455e-01
-6.892000122516981353e-01
6.368118759083685632e+00
7.031537839678478896e-01
1.620185786161614794e-01
0.000000000000000000e+00

1.253029039004088352e+00
1.597032506720500733e-01
-1.471131164129302893e-01
1.057281008855118776e+00
-9.729846009438299914e-01
9.422969626324981807e-01
1.237943013005135429e+00
-7.930022919018784311e-01
-7.535527034914495381e-01
6.523808773908050362e+00
6.048263192053084936e-01
1.283294284965727783e-01
0.000000000000000000e+00

1.247211887666995755e+00
1.340065332820973010e-01
-1.364143999428999721e-01
1.060288093128611164e+00
-9.225685870157050994e-01
9.041024336912315551e-01
1.193750666571635310e+00
-7.871621284251287820e-01
-7.862202800896842536e-01
6.661001031547454154e+00
5.132744334483756443e-01
1.395107713126137183e-01
0.000000000000000000e+00

1.240610387424285976e+00
1.065581343330107289e-01
-1.255022487611040516e-01
1.061142144917149199e+00
-8.701055354494275917e-01
8.470669243165060980e-01
1.154480863407608471e+00
-7.806704558741620614e-01
-7.889177241037270694e-01
6.782726975252590940e+00
4.344632814474113647e-01
1.889991102548632396e-01
0.000000000000000000e+00

1.233405740629098801e+00
7.763649292207898400e-02
-1.145359601906771052e-01
1.060111979380820690e+00
-8.168230582564376396e-01
7.720230902011832042e-01
1.121168219322702608e+00
-7.738659935786109667e-01
-7.643157076666028393e-01
6.892006646194057673e+00
3.732091555091173740e-01
2.686912753499287043e-01
0.000000000000000000e+00

1.225811830527677948e+00
4.753182736906678973e-02
-1.036567076873875226e-01
1.057491631737771387e+00
-7.638458677727282264e-01
6.804332019261036812e-01
1.094538054484123002e+00
-7.670864902907169602e-01
-7.159240486271210013e-01
6.991684157314547399e+00
3.330990246122134124e-01
3.692807699389573095e-01
0.000000000000000000e+00

1.218092508432486287e+00
1.654185255948462802e-02
-9.298320077902924585e-02
1.053646537115586312e+00
-7.121209788444698985e-01
5.742799530045532563e-01
1.074952883023185812e+00
-7.606482364492945791e-01
-6.478653419009638981e-01
7.084212578605656674e+00
3.164121304854337624e-01
4.805925683341807364e-01
0.000000000000000000e+00

1.210549196951629103e+00
-1.503944292093094444e-02
-8.260808069259829856e-02
1.048959534621643597e+00
-6.623882618185283899e-01
4.559947561308914099e-01
1.062414347967563399e+00
-7.547283004786866645e-01
-5.646921252521044376e-01
7.171431065748419265e+00
3.241068333381950106e-01
5.919931459805002349e-01
0.000000000000000000e+00

1.203515466031886527e+00
-4.692418840034284083e-02
-7.259498022769358960e-02
1.043839772318758019e+00
-6.151055971368353248e-01
3.283627862550981269e-01
1.056521883076972035e+00
-7.492562078565184747e-01
-4.710759065600192974e-01
7.254303610582391038e+00
3.558404450836661903e-01
6.927965201152249675e-01
0.000000000000000000e+00

1.197333509561181231e+00
-7.882769893276646289e-02
-6.297699458874951584e-02
1.038676298491394423e+00
-5.704373006564431581e-01
1.943851587980776341e-01
1.056503148557085048e+00
-7.437850765056319702e-01
-3.715474019225108449e-01
7.332745654842520722e+00
4.100252733746936329e-01
7.727181804539863252e-01
0.000000000000000000e+00

1.192381331580284476e+00
-1.104782032034157951e-01
-5.376737633623974999e-02
1.033805470400586568e+00
-5.282679975728785671e-01
5.715669078437762840e-02
1.061226327335813124e+00
-7.374066780408018440e-01
-2.702470990822952723e-01
7.405357431453102990e+00
4.838804753016071047e-01
8.223795183143248755e-01
0.000000000000000000e+00

1.189013070249403947e+00
-1.416024858849178891e-01
-4.495781009615923418e-02
1.029457606936259761e+00
-4.881720728507095708e-01
-8.027567155275323885e-02
1.069198426480918229e+00
-7.286397690270892680e-01
-1.706248642139137073e-01
7.469280195648164700e+00
5.735004989874716852e-01
8.338036756310974740e-01
0.000000000000000000e+00

1.187561713185376844e+00
-1.719243286298872686e-01
-3.653359254716065374e-02
1.025732455204873217e+00
-4.494964326192855131e-01
-2.149772311534883518e-01
1.078613559481623740e+00
-7.153738160107478983e-01
-7.527336254221943246e-02
7.520093314073813318e+00
6.739927779522255635e-01
8.009258144804182189e-01
0.000000000000000000e+00

1.188326623135185223e+00
-2.011546623479289475e-01
-2.848330091043763113e-02
1.022548008316286561e+00
-4.113939755603458481e-01
-3.442892115993714253e-01
1.087374409794597208e+00
-6.949370911910928150e-01
1.422632685435181940e-02
7.551848957491483993e+00
7.795933412935632800e-01
7.200918600408435788e-01
0.000000000000000000e+00

1.191527526953803040e+00
-2.289677165208142129e-01
-2.081224452825485016e-02
1.019586462171624408e+00
-3.729055872696416807e-01
-4.658146752012088387e-01
1.093116712461835727e+00
-6.642512299503804396e-01
9.729798454342378222e-02
7.557188279230226513e+00
8.839153334132270334e-01
5.904764908502886378e-01
0.000000000000000000e+00

1.197311321788463001e+00
-2.550042951195483631e-01
-1.355298151816407802e-02
1.016299171311765281e+00
-3.330600438081519066e-01
-5.774575440238886026e-01
1.093283534558180836e+00
-6.201445767894117056e-01
1.742936788280342042e-01
7.527660756172672940e+00
9.802831380178295140e-01
4.143949663116888171e-01
0.000000000000000000e+00

1.205732453198367082e+00
-2.788401876476730434e-01
-6.768903346680907665e-03
1.011893654119297103e+00
-2.909835272482225732e-01
-6.773876162910319465e-01
1.085241235458503706e+00
-5.597867647673433478e-01
2.462275261595510967e-01
7.454211806916302585e+00
1.062153627058554317e+00
1.974440692381195517e-01
0.000000000000000000e+00

1.216765964063680538e+00
-2.999912612621654651e-01
-5.565548352401399751e-04
1.005377739684634841e+00
-2.460388178757371425e-01
-7.639929393795753532e-01
1.066487644335880614e+00
-4.813055649724330975e-01
3.144872523135378017e-01
7.327813869294928395e+00
1.123739744266733176e+00
-5.157588654296960118e-02
0.000000000000000000e+00

1.230289358541613254e+00
-3.179174800331057149e-01
4.970422203039670528e-03
9.956191524421884598e-01
-1.979438851567087154e-01
-8.357690068821700402e-01
1.034921301238433511e+00
-3.842942919951038983e-01
3.804048892707578289e-01
7.140227824059699913e+00
1.160583497550539134e+00
-3.209673317294505779e-01
0.000000000000000000e+00

1.246105625815919327e+00
-3.320486553575475730e-01
9.699156621333498984e-03
9.814584936701051809e-01
-1.469152472518158725e-01
-8.912724205414666034e-01
9.892198133059518783e-01
-2.702925275743316980e-01
4.449355309181586282e-01
6.884812691758283698e+00
1.170173240452231145e+00
-5.967814007093212858e-01
0.000000000000000000e+00

1.263991005680853430e+00
-3.418303353360407915e-01
1.354044505802208184e-02
9.618300388107693388e-01
-9.374826369371838664e-02
-9.291555846083719983e-01
9.292056285900125445e-01
-1.430062716827346092e-01
5.084007801399771376e-01
6.557213294582833640e+00
1.152435122181339144e+00
-8.636242365959726497e-01
0.000000000000000000e+00

1.283672362564398872e+00
-3.467876266327813983e-01
1.645200615380688208e-02
9.359350301105949788e-01
-3.987169517015659581e-02
-9.482243160461634179e-01
8.561414872320681768e-01
-8.091576514457262878e-03
5.704089439151597274e-01
6.155937826429616067e+00
1.109837160402982414e+00
-1.105748238296610397e+00
0.000000000000000000e+00

1.304870449927992837e+00
-3.465872084873561909e-01
1.845174603547753561e-02
9.033263037781559257e-01
1.270782874175002686e-02
-9.476064778594494031e-01
7.728250672021113044e-01
1.273879980710488080e-01
6.298983747512532094e-01
5.682627188888695002e+00
1.047183976500862590e+00
-1.308193323435164146e+00
0.000000000000000000e+00

1.327303484986416704e+00
-3.411099191239883588e-01
1.961783623003092100e-02
8.640016658234346281e-01
6.151129675957282827e-02
-9.269451456751275353e-01
6.834600881809522743e-01
2.558010377333821972e-01
6.853413586666309287e-01
5.142087124038329904e+00
9.710133818101772674e-01
-1.457963047498550324e+00
0.000000000000000000e+00

1.350671113482298624e+00
-3.304995657625819927e-01
2.007367972061451650e-02
8.184437893459227675e-01
1.038122894939705887e-01
-8.865444417531973542e-01
5.932142375394136025e-01
3.698904691951696022e-01
7.349844574232072825e-01
4.542054226610264145e+00
8.887432114875972733e-01
-1.545109253857407605e+00
0.000000000000000000e+00

1.374676713620670565e+00
-3.151664040290901858e-01
1.996721443571877405e-02
7.675409569391737907e-01
1.369390420335952485e-01
-8.275077071231291548e-01
5.076008942504500743e-01
4.636422784720550805e-01
7.770928126790412893e-01
3.892670046067479017e+00
8.076687791222709745e-01
-1.563535261437190460e+00
0.000000000000000000e+00

1.398950271838687032e+00
-2.957783456288712864e-01
1.944424023821388417e-02
7.125247883136806015e-01
1.585958323571713957e-01
-7.516754196339376914e-01
4.317355929961035343e-01
5.329442796467120935e-01
8.101753248116917439e-01
3.205897403827028480e+00
7.340511408287041517e-01
-1.511545302406675395e+00
0.000000000000000000e+00

1.423054774592776628e+00
-2.732066935362962856e-01
1.862970638007132446e-02
6.548180533111683799e-01
1.671994914375070362e-01
-6.615748278981219421e-01
3.696709502167493389e-01
5.758215872049513573e-01
8.331529743736121318e-01
2.494808432365350104e+00
6.724368407592488106e-01
-1.392006279767799892e+00
0.000000000000000000e+00

1.446433249316268377e+00
-2.484543769777837752e-01
1.761720341735252895e-02
5.959087203020720924e-01
1.621042880563338950e-01
-5.602298441048165767e-01
3.238929379925065133e-01
5.925239108235111907e-01
8.454398178276953946e-01
1.772943821425557509e+00
6.252022624105305626e-01
-1.212155877687631556e+00
0.000000000000000000e+00

1.468375762863934675e+00
-2.225857253496881238e-01
1.647715480139784819e-02
5.371960718578625560e-01
1.438019137462605845e-01
-4.510056245865241009e-01
2.950279224275577650e-01
5.852750251073536303e-01
8.470513427145675012e-01
1.053762406899118043e+00
5.924896329240807447e-01
-9.830808056245369242e-01
0.000000000000000000e+00

1.488012767276206683e+00
-1.966324979479541213e-01
1.526212082377088539e-02
4.798761463295008745e-01
1.139213241697355494e-01
-3.373803929486173248e-01
2.818479123501890227e-01
5.578519775423376181e-01
8.385463687184255832e-01
3.501844793899285824e-01
5.723988888705089373e-01
-7.188902806027803738e-01
0.000000000000000000e+00

1.504303936389755458e+00
-1.715341321022858523e-01
1.401915004155129298e-02
4.249318786468382347e-01
7.515962018858532434e-02
-2.228272724335453592e-01
2.814666467167560304e-01
5.150995260212307691e-01
8.210193770969632654e-01
-3.256625282426874324e-01
5.614027132425448707e-01
-4.357048562069689157e-01
0.000000000000000000e+00

1.516085794678719179e+00
-1.480818623920330812e-01
1.280196742096972352e-02
3.730523299867468667e-01
3.104241280293461303e-02
-1.106503231592516345e-01
2.897830954896685185e-01
4.624825172841582899e-01
7.959365838003987781e-01
-9.625279452614342590e-01
5.549031884619045618e-01
-1.506102829415066346e-01
0.000000000000000000e+00

1.522078552896604098e+00
-1.268722873745838642e-01
1.167482905154459093e-02
3.247028445034175204e-01
-1.438124211446267092e-02
-3.905995308470813776e-03
3.020013166241414249e-01
4.055564335258066699e-01
7.649654826959789711e-01
-1.550103153127802447e+00
5.478483722327903704e-01
1.195694115588811224e-01
0.000000000000000000e+00

1.520986285984656350e+00
-1.082930686791769154e-01
1.072119475765224116e-02
2.801175630764847768e-01
-5.690483435944713314e-02
9.466913184932695957e-02
3.132109282856986865e-01
3.496667458697708120e-01
7.298242395808138827e-01
-2.078980098279373134e+00
5.353093990206789776e-01
3.593099426936363638e-01
0.000000000000000000e+00

1.511557651107430678e+00
-9.250639752464911991e-02
1.003430410825539333e-02
2.393655692637855492e-01
-9.259159255827764667e-02
1.827375303956930430e-01
3.189591295661448611e-01
2.995364181368505019e-01
6.920257778091609691e-01
-2.540623218258835081e+00
5.130322736048819054e-01
5.553802233714377756e-01
0.000000000000000000e+00

1.492654361742193680e+00
-7.945814163373893235e-02
9.716518307287938527e-03
2.023972595427346310e-01
-1.181366731499514655e-01
2.583970608996352669e-01
3.157122508104686642e-01
2.590001929822751681e-01
6.526877453970918452e-01
-2.927444871101854584e+00
4.778706673178553244e-01
6.976665129083575723e-01
0.000000000000000000e+00

1.463350834413734924e+00
-6.890695712504038561e-02
9.862868442252967216e-03
1.690524552640711442e-01
-1.312040432271890933e-01
3.202271610183747841e-01
3.012045980574424853e-01
2.308616688759265734e-01
6.125417083261404105e-01
-3.233073146214686222e+00
4.280268201770333625e-01
7.798360814884625070e-01
0.000000000000000000e+00

1.423001154200450369e+00
-6.044529125714527551e-02
1.054823579571557805e-02
1.391168337836912183e-01
-1.306717657689527301e-01
3.673582887711260847e-01
2.746318694872620925e-01
2.166760463479180943e-01
5.717312455567202800e-01
-3.452569030765908931e+00
3.632091388655153130e-01
7.996597624535091153e-01
0.000000000000000000e+00

1.371307942261771773e+00
-5.356369197629126666e-02
1.181053106649713677e-02
1.122772234496328958e-01
-1.167125248249698266e-01
3.994825885727135706e-01
2.366530126499497566e-01
2.167378860306384825e-01
5.299969248362444985e-01
-3.582921083431015230e+00
2.846608204473040082e-01
7.592047233939391848e-01
0.000000000000000000e+00

1.308353899456684788e+00
-4.771177816182105291e-02
1.363247583521649993e-02
8.824539301397334168e-02
-9.079041602190332516e-02
4.169128533442533757e-01
1.892257016108400969e-01
2.300484087004662503e-01
4.867683010967115420e-01
-3.623487762896432152e+00
1.949795305816936497e-01
6.645760243169320791e-01
0.000000000000000000e+00

1.234639995343469465e+00
-4.236507604022614337e-02
1.593381475678999626e-02
6.667606347304493031e-02
-5.546247269209195196e-02
4.205114122526407705e-01
1.353308946224421327e-01
2.544763595074560070e-01
4.413870366109069465e-01
-3.576374556155894613e+00
9.791007570886899047e-02
5.254375496608261198e-01
0.000000000000000000e+00

1.151064198928011262e+00
-3.708354576595482288e-02
1.856984374148203457e-02
4.728561774851235133e-02
-1.410324736704561543e-02
4.116629960115690823e-01
7.857140632154450965e-02
2.869282113687757207e-01
3.932969974855050621e-01
-3.446758624638570634e+00
-2.068746200446822114e-03
3.542516802380959451e-01
0.000000000000000000e+00

1.058931608087899212e+00
-3.157729917588446289e-02
2.133852918055561404e-02
2.979479251310891350e-02
2.949054142782516624e-02
3.921640837999852414e-01
2.275273583391622390e-02
3.236564311004055394e-01
3.423097434889364465e-01
-3.242870226817692103e+00
-1.000698198280526585e-01
1.652119863352743967e-01
0.000000000000000000e+00

9.599001506434166053e-01
-2.571831777408532804e-02
2.399424724095172712e-02
1.405428285931040536e-02
7.149203555191256665e-02
3.640706455280315335e-01
-2.854746577501901528e-02
3.606611829847381490e-01
2.886589997213576120e-01
-2.975777242572409609e+00
-1.912704732561648635e-01
-2.688740925272140037e-02
0.000000000000000000e+00

8.559580242796180904e-01
-1.955548191416692227e-02
2.627765107304092310e-02
4.179569988826958848e-06
1.084525612097506919e-01
3.295634858698954783e-01
-7.231468050955311422e-02
3.939806279194202898e-01
2.331018802376707555e-01
-2.658875040749287155e+00
-2.712957444520366912e-01
-2.078815248005534966e-01
0.000000000000000000e+00

7.493310432696231871e-01
-1.329280521783997304e-02
2.793874411913033207e-02
-1.228962901722130928e-02
1.376020765095498366e-01
2.908092533918374967e-01
-1.063423838875488803e-01
4.200486342840960563e-01
1.768846661673112997e-01
-2.307152446357926934e+00
-3.365345394575867122e-01
-3.653873126016873862e-01
0.000000000000000000e+00

6.424197934263135013e-01
-7.230672644984871555e-03
2.877134558864605229e-02
-2.265881374921284788e-02
1.570824975936767343e-01
2.498198457562713082e-01
-1.293695610336991486e-01
4.360615054592190121e-01
1.215679744123407124e-01
-1.936318511212551829e+00
-3.843913200349982073e-01
-4.897269120988172464e-01
0.000000000000000000e+00

