-1.895857297694470978e-01
8.758215068463094388e-01
-2.074623938067563789e-01
-1.527643362040418951e-01
-6.120825713453869471e-02
1.187136706400468006e-01
3.515384090180930649e-02
-1.549012873565084325e-01
-4.652336547633685315e-01
-1.422355988468207433e-01
1.082741064402242132e-01
3.872491320447256635e-01
0.000000000000000000e+00

-1.834389912281651491e-01
8.751411719039935422e-01
-2.075024953177983245e-01
-1.534935462946966367e-01
-6.109489137323451807e-02
1.174616493027700048e-01
3.275651537286216469e-02
-1.529464923353355821e-01
-4.670073610397647568e-01
-1.487094700442548600e-01
1.103376009250029988e-01
3.828424153339544667e-01
0.000000000000000000e+00

-1.748279109764407369e-01
8.741561576361003283e-01
-2.076124076490839798e-01
-1.547826831444518436e-01
-6.026660617247144719e-02
1.160187976418814715e-01
2.770356830924518288e-02
-1.508202129483800502e-01
-4.694919262182308817e-01
-1.598500757603261990e-01
1.150030551125644646e-01
3.751807358125926473e-01
0.000000000000000000e+00

-1.658149457659469361e-01
8.731451439594776209e-01
-2.077779139355084848e-01
-1.563937166619572550e-01
-5.845280016869942169e-02
1.149873389901044790e-01
2.012174857397440106e-02
-1.495418059054079429e-01
-4.718245630800890211e-01
-1.741370182693578461e-01
1.222819936123529655e-01
3.650481456830099725e-01
0.000000000000000000e+00

-1.571878674094275286e-01
8.722943230269849524e-01
-2.079752879424199008e-01
-1.579898648006654027e-01
-5.563870819718202965e-02
1.145411758396792934e-01
1.040896321853210411e-02
-1.495405689257976733e-01
-4.734373435520046192e-01
-1.904876395955289459e-01
1.317435031881794283e-01
3.530874551988785748e-01
0.000000000000000000e+00

-1.490124542127828910e-01
8.716780946825004595e-01
-2.081693191490569805e-01
-1.594436513249417597e-01
-5.190271009727284030e-02
1.145889861174500118e-01
-9.195912747645912724e-04
-1.505846218973723172e-01
-4.740917421424744038e-01
-2.082167666615623858e-01
1.427093639545573001e-01
3.396245601444202733e-01
0.000000000000000000e+00

-1.410786650470491066e-01
8.712686687503288230e-01
-2.083441461227859004e-01
-1.606626340067007774e-01
-4.739905985016824169e-02
1.148342406929458714e-01
-1.337103031913495707e-02
-1.522960783133965601e-01
-4.737300573228604428e-01
-2.269424039065887078e-01
1.545214478729284024e-01
3.248128092337178030e-01
0.000000000000000000e+00

-1.331593087922328944e-01
8.709907015574189781e-01
-2.085097108217260908e-01
-1.615310916787925100e-01
-4.230818967377033418e-02
1.150028124973202642e-01
-2.659165155190883548e-02
-1.544261811387827588e-01
-4.724586511943519862e-01
-2.464882437822443484e-01
1.666882803256259926e-01
3.087645039688471371e-01
0.000000000000000000e+00

-1.251117258174005986e-01
8.707693056409921972e-01
-2.086899640605231199e-01
-1.619415367468702016e-01
-3.678852137562388380e-02
1.149671630961314750e-01
-4.036375700979723258e-02
-1.568602816576946390e-01
-4.704654475117198698e-01
-2.668042218773551411e-01
1.788697679951701258e-01
2.915702193626573679e-01
0.000000000000000000e+00

-1.168865435884225423e-01
8.705554251126235155e-01
-2.089082488256236159e-01
-1.618318070401990605e-01
-3.096047171514947419e-02
1.147261661094057944e-01
-5.453508343274880016e-02
-1.595378295372783806e-01
-4.678938783811797952e-01
-2.879113610213756003e-01
1.908078367071708303e-01
2.732838146019047065e-01
0.000000000000000000e+00

-1.084994788461687704e-01
8.703333591289541538e-01
-2.091791762663433030e-01
-1.611938278521660162e-01
-2.490935757899102182e-02
1.143501766095317701e-01
-6.897320434937583011e-02
-1.624052520288760681e-01
-4.647907501318708778e-01
-3.098657503120059165e-01
2.022843941267921664e-01
2.539245268355925789e-01
0.000000000000000000e+00

-9.999876551556755033e-02
8.701147084969390599e-01
-2.095073600341856856e-01
-1.600637334963770919e-01
-1.869505748965420017e-02
1.139354905454268985e-01
-8.355039349821290207e-02
-1.653989188130582377e-01
-4.611212674764496033e-01
-3.327378850491967133e-01
2.131011491874123809e-01
2.334961283375737717e-01
0.000000000000000000e+00

-9.144042348423624122e-02
8.699244627066181623e-01
-2.098898836376807131e-01
-1.585073153963870163e-01
-1.236223137102276590e-02
1.135718357175803106e-01
-9.813887043274532873e-02
-1.684377671697710466e-01
-4.568038219148144452e-01
-3.566001489153557968e-01
2.230668103692173554e-01
2.120088363853272762e-01
0.000000000000000000e+00

-8.287343561580458318e-02
8.697874032052328452e-01
-2.103198101999758096e-01
-1.566052449826330906e-01
-5.947890807281495940e-03
1.133239124384446544e-01
-1.126103952729881202e-01
-1.714246539978540873e-01
-4.517401641597776907e-01
-3.815159963378677577e-01
2.319921520409819471e-01
1.894960100673332704e-01
0.000000000000000000e+00

-7.433353376424284287e-02
8.697203224321690129e-01
-2.107889498671330908e-01
-1.544415542981007194e-01
5.142682262124594799e-04
1.132266086490113233e-01
-1.268375122647562581e-01
-1.742524157288599385e-01
-4.458350857791501531e-01
-4.075291535849913660e-01
2.396911488961949999e-01
1.660258455245449405e-01
0.000000000000000000e+00

-6.584310374362860319e-02
8.697303749805121997e-01
-2.112894045945469257e-01
-1.520966245854969978e-01
6.990257402356789967e-03
1.132890741708592747e-01
-1.406934846911605252e-01
-1.768116383738702058e-01
-4.390064233603432342e-01
-4.346544027364833140e-01
2.459848711529128984e-01
1.417086004510565989e-01
0.000000000000000000e+00

-5.741463122312585182e-02
8.698173892855000089e-01
-2.118139549940882549e-01
-1.496446704344981948e-01
1.344395585453789059e-02
1.135017427273015272e-01
-1.540516146740902315e-01
-1.789965561666950755e-01
-4.311873242404010154e-01
-4.628721560088550069e-01
2.507059248162606946e-01
1.167010846239249777e-01
0.000000000000000000e+00

-4.905499167587329401e-02
8.699771794305656281e-01
-2.123558967436362521e-01
-1.471535946796782013e-01
1.983578502365197088e-02
1.138429614319983185e-01
-1.667853451900258022e-01
-1.807108680241462928e-01
-4.223256289683181564e-01
-4.921268724603366507e-01
2.537039592652018394e-01
9.120884071796298009e-02
0.000000000000000000e+00

-4.076886210851676101e-02
8.702042771714190161e-01
-2.129086660024786803e-01
-1.446856377888487699e-01
2.612305635792477529e-02
1.142843044036847694e-01
-1.787710140606152409e-01
-1.818727172099020295e-01
-4.123831558462762170e-01
-5.223292652472035780e-01
2.548523281399833196e-01
6.548588441905138502e-02
0.000000000000000000e+00

-3.256046580489361381e-02
8.704933589764033419e-01
-2.134656046878424251e-01
-1.422977719577833144e-01
3.225989639170720458e-02
1.147936386288224420e-01
-1.898908700355148582e-01
-1.824187352243938354e-01
-4.013351425147952400e-01
-5.533611200807989627e-01
2.540544869781553583e-01
3.983189384755787821e-02
0.000000000000000000e+00

-2.443393825947118292e-02
8.708398305493443292e-01
-2.140199369720249822e-01
-1.400416758228576197e-01
3.819861642991306122e-02
1.153380067417882349e-01
-2.000390139152363189e-01
-1.823070899022127267e-01
-3.891717204693403431e-01
-5.850814416796005224e-01
2.512505463891681057e-01
1.458593307157402853e-02
0.000000000000000000e+00

-1.639286562923587473e-02
8.712398789277571165e-01
-2.145649487936767130e-01
-1.379630005046037500e-01
4.389106552113626603e-02
1.158859219269375435e-01
-2.091268639765879456e-01
-1.815190343311656185e-01
-3.758998115901315273e-01
-6.173325341295952118e-01
2.464223414859093020e-01
-9.883509002679025796e-03
0.000000000000000000e+00

-8.439592863221047694e-03
8.716903305478791442e-01
-2.150943626113347440e-01
-1.361001008860355244e-01
4.929007045537739384e-02
1.164089947695631927e-01
-2.170876122107984196e-01
-1.800591848142291951e-01
-3.615443164516537466e-01
-6.499455634667568038e-01
2.395962081400301313e-01
-3.319161724012909681e-02
0.000000000000000000e+00

-5.748021990680234755e-04
8.721886275170488423e-01
-2.156027360609173715e-01
-1.344831061841111342e-01
5.435102924987600392e-02
1.168838892352623976e-01
-2.238792677090565564e-01
-1.779540623780123398e-01
-3.461489538914339636e-01
-6.827450312937218824e-01
2.308435580659337072e-01
-5.495295242308247813e-02
0.000000000000000000e+00

7.202613383229516768e-03
8.727329486289233662e-01
-2.160858275720972110e-01
-1.331329365865936698e-01
5.903330292670524310e-02
1.172939034895771893e-01
-2.294856200983926009e-01
-1.752498274613753793e-01
-3.297760468550226531e-01
-7.155517694276414264e-01
2.202787012330335581e-01
-7.479862919363228224e-02
0.000000000000000000e+00

1.489535114438216706e-02
8.733223434256081052e-01
-2.165408051063724137e-01
-1.320607753579972343e-01
6.330171427153044594e-02
1.176297523102860787e-01
-2.339155173156244605e-01
-1.720092015013346132e-01
-3.125048138393277108e-01
-7.481850827262285231e-01
2.080543653160560336e-01
-9.239285079984645155e-02
0.000000000000000000e+00

2.250735933216557391e-02
8.739568327348919974e-01
-2.169663579865261094e-01
-1.312678858471260368e-01
6.712731840754791734e-02
1.178899501731129895e-01
-2.372000698303734223e-01
-1.683081313756670805e-01
-2.944289826664083787e-01
-7.804640344807385333e-01
1.943550643334474859e-01
-1.074477307665822057e-01
0.000000000000000000e+00

3.004341114444947572e-02
8.746375526987929527e-01
-2.173626329330906604e-01
-1.307460221846211690e-01
7.048815707314295964e-02
1.180806640764529014e-01
-2.393892392375407130e-01
-1.642322867197612557e-01
-2.756539646459448267e-01
-8.122079440716687415e-01
1.793893809609429235e-01
-1.197348138412906993e-01
0.000000000000000000e+00

3.750876371797163406e-02
8.753666494055267755e-01
-2.177310890647285724e-01
-1.304779815061856973e-01
7.336946987932844999e-02
1.182147169640963419e-01
-2.405473555413629727e-01
-1.598737159650517048e-01
-2.562936035748979990e-01
-8.432367908783425792e-01
1.633814353481819748e-01
-1.290923297796082447e-01
0.000000000000000000e+00

4.490885761122334618e-02
8.761472063158303181e-01
-2.180742913394554394e-01
-1.304384817501595129e-01
7.576356708795667361e-02
1.183105256568677266e-01
-2.407487623097712692e-01
-1.553279365836209847e-01
-2.364673296984179662e-01
-8.733714442433838654e-01
1.465623834853545249e-01
-1.354282766331746934e-01
0.000000000000000000e+00

5.224910989352968271e-02
8.769830273785330643e-01
-2.183956652867753423e-01
-1.305953977945112920e-01
7.766913373300951551e-02
1.183908943898158983e-01
-2.400732076639051915e-01
-1.506910125322092342e-01
-2.162977433850642728e-01
-9.024340540608511985e-01
1.291627898149349252e-01
-1.387189013066596754e-01
0.000000000000000000e+00

5.953477401887894566e-02
8.778783599855544129e-01
-2.186993019348565104e-01
-1.309107606737031637e-01
7.909031888918099940e-02
1.184815389085878273e-01
-2.386018944507359574e-01
-1.460574745086032911e-01
-1.959084515636566048e-01
-9.302488279610949817e-01
1.114060012990936710e-01
-1.390039405951142282e-01
0.000000000000000000e+00

6.677085998317730531e-02
8.788375814428255328e-01
-2.189897138818366340e-01
-1.313421148036321984e-01
8.003559260537340680e-02
1.186094312620901703e-01
-2.364139097540709500e-01
-1.415183686558713627e-01
-1.754219478006140975e-01
-9.566432168040454043e-01
9.350322700529001274e-02
-1.363798786561741250e-01
0.000000000000000000e+00

7.396205636788734383e-02
8.798649222243969392e-01
-2.192716858953249748e-01
-1.318437188160347939e-01
8.051627838863308073e-02
1.188022462018484410e-01
-2.335834530198809267e-01
-1.371596906300882879e-01
-1.549590252468606710e-01
-9.814493310395473458e-01
7.565026528162184516e-02
-1.309915042783000583e-01
0.000000000000000000e+00

8.111269059646027124e-02
8.809641512900828753e-01
-2.195501357599995707e-01
-1.323677795739454932e-01
8.054543955780817110e-02
1.190871448887269590e-01
-2.301780303256042715e-01
-1.330613091592823816e-01
-1.346373778613573768e-01
-1.004505916337047333e+00
5.802577420824148874e-02
-1.230240754926310021e-01
0.000000000000000000e+00

8.822669629865746710e-02
8.821383444005214125e-01
-2.198299489104097448e-01
-1.328657368529657101e-01
8.013685548551832682e-02
1.194900369831281561e-01
-2.262572992023608176e-01
-1.292959744808508948e-01
-1.145707474771557044e-01
-1.025660467802165909e+00
4.079065750316674538e-02
-1.126957989703088192e-01
0.000000000000000000e+00

9.530757907983483657e-02
8.833895996376011084e-01
-2.201159408056064526e-01
-1.332893118395611365e-01
7.930380368342493380e-02
1.200350620216453501e-01
-2.218723529659232530e-01
-1.259288363564876612e-01
-9.486814791528505597e-02
-1.044771556348129904e+00
2.408844554940658272e-02
-1.002519612158930540e-01
0.000000000000000000e+00

1.023583717056060077e-01
8.847189123878791417e-01
-2.204127029900526114e-01
-1.335917453396589238e-01
7.805887864200239390e-02
1.207445132641641466e-01
-2.170662578467017767e-01
-1.230166664880167904e-01
-7.563340050038244722e-02
-1.061711117175379471e+00
8.046084139178753813e-03
-8.595942455454226583e-02
0.000000000000000000e+00

1.093816189618193324e-01
8.861260006144626722e-01
-2.207245364340726657e-01
-1.337287384573228599e-01
7.641372727451359315e-02
1.216384992341099092e-01
-2.118748232264832387e-01
-1.206077229574526455e-01
-5.696430620710733056e-02
-1.076366690287817729e+00
-7.225008788317581997e-03
-7.010250079201238438e-02
0.000000000000000000e+00

1.163793850392690621e-01
8.876091153925416144e-01
-2.210553561668927858e-01
-1.336594107465126080e-01
7.437883373675338583e-02
1.227344168100780175e-01
-2.063272170475023148e-01
-1.187415089200736795e-01
-3.895140343584024140e-02
-1.088643646281484356e+00
-2.162813760645949240e-02
-5.297884361217699428e-02
0.000000000000000000e+00

1.233532522864677766e-01
8.891650314316310588e-01
-2.214085953868826229e-01
-1.333470924848828010e-01
7.196390487246751011e-02
1.240470707784286503e-01
-2.004474212771041319e-01
-1.174486957407889220e-01
-2.167748758711197932e-02
-1.098466767080378492e+00
-3.508086843116494519e-02
-3.489526828814418224e-02
0.000000000000000000e+00

1.303043439500178868e-01
8.907889856830700781e-01
-2.217870930583294986e-01
-1.327600053383178047e-01
6.917866392278432253e-02
1.255888840105075788e-01
-1.942560299616036268e-01
-1.167511098404050707e-01
-5.217189227980407670e-03
-1.105781703063390520e+00
-4.751470883960461078e-02
-1.616297092288940251e-02
0.000000000000000000e+00

1.372333707071272113e-01
8.924746708767389292e-01
-2.221930163674257219e-01
-1.318716378615633900e-01
6.603306502151043422e-02
1.273695979266817879e-01
-1.877710969942554819e-01
-1.166620607417110655e-01
1.036389014571099075e-02
-1.110555793040730155e+00
-5.887554079802569118e-02
2.908252264473412847e-03
0.000000000000000000e+00

1.441407113562518938e-01
8.942142451321006824e-01
-2.226277744381914558e-01
-1.306612136402419966e-01
6.253804701628311313e-02
1.293962344543670429e-01
-1.810095711126419038e-01
-1.171865736296923283e-01
2.500978981200918314e-02
-1.112778525087797732e+00
-6.912417016834097871e-02
2.201650515405267211e-02
0.000000000000000000e+00

1.510264679654013675e-01
8.959984781692056366e-01
-2.230919575672255795e-01
-1.291136162563394640e-01
5.870616042246071253e-02
1.316733119065091606e-01
-1.739884391819328802e-01
-1.183219893711855430e-01
3.867422609589711568e-02
-1.112461099110104712e+00
-7.823689147528185839e-02
4.087519113984427327e-02
0.000000000000000000e+00

1.578905347137504744e-01
8.978168184187469425e-01
-2.235852694392732321e-01
-1.272195944949983670e-01
5.455228284166881159e-02
1.342028659933606483e-01
-1.667257867274012928e-01
-1.200582560869076082e-01
5.132098057444874073e-02
-1.109635878839288825e+00
-8.620608992133214910e-02
5.922096430561576280e-02
0.000000000000000000e+00

1.647326899537836231e-01
8.996575527983132758e-01
-2.241065321745176753e-01
-1.249754243344473326e-01
5.009380278109102497e-02
1.369840665733307872e-01
-1.592411348975112662e-01
-1.223787495016417093e-01
6.292442881346758943e-02
-1.104354968143354654e+00
-9.304052290840507389e-02
7.682120422448840413e-02
0.000000000000000000e+00

1.715526484756321468e-01
9.015080287723773456e-01
-2.246536570250907416e-01
-1.223828353469707114e-01
4.535123785427318255e-02
1.400133458512807239e-01
-1.515562312540620626e-01
-1.252606455459475965e-01
7.346956017938888195e-02
-1.096688430210347232e+00
-9.876517369285489623e-02
9.348092181362965825e-02
0.000000000000000000e+00

1.783501054676612796e-01
9.033547710794692653e-01
-2.252237123803407515e-01
-1.194485304975387019e-01
4.034805086008913522e-02
1.432836589948265626e-01
-1.436947362942947171e-01
-1.286756010930812932e-01
8.295292673087935331e-02
-1.086722300869604529e+00
-1.034204461023997823e-01
1.090483258851904780e-01
0.000000000000000000e+00

1.851247723232722076e-01
9.051837782224131379e-01
-2.258129221168391487e-01
-1.161840322594352576e-01
3.511121565455099097e-02
1.467845615269867399e-01
-1.356828410020223252e-01
-1.325900164956711480e-01
9.138254212832459811e-02
-1.074556151449094221e+00
-1.070606484140968762e-01
1.234184964376827259e-01
0.000000000000000000e+00

1.918763976365706059e-01
9.069806769892192477e-01
-2.264167947613260901e-01
-1.126051597909678154e-01
2.967053001932206183e-02
1.505011492403212914e-01
-1.275483144416986181e-01
-1.369656468975523345e-01
9.877908516203734446e-02
-1.060300669717241018e+00
-1.097519336207059687e-01
1.365347530786395203e-01
0.000000000000000000e+00

1.986047717005384738e-01
9.087309762289009774e-01
-2.270301964341176759e-01
-1.087317453357618258e-01
2.405857545705697431e-02
1.544137508888980825e-01
-1.193203072279696714e-01
-1.417598240653859809e-01
1.051760746492128168e-01
-1.044075019060165310e+00
-1.115696841736011358e-01
1.483879268524490314e-01
0.000000000000000000e+00

2.053097154720905093e-01
9.104202966678796027e-01
-2.276474097287825848e-01
-1.045872202561138054e-01
1.831076695755180783e-02
1.584972606081115620e-01
-1.110291290060332753e-01
-1.469257737482675408e-01
1.106203804664483564e-01
-1.026004306088209583e+00
-1.125955679051653252e-01
1.590134958974129542e-01
0.000000000000000000e+00

2.119910607200947983e-01
9.120345700884806561e-01
-2.282623131391470217e-01
-1.001983496638929466e-01
1.246430244612302569e-02
1.627210097980652526e-01
-1.027050265635813392e-01
-1.524129229014232201e-01
1.151719866732568986e-01
-1.006217098136150900e+00
-1.129143356543045457e-01
1.684866722448603582e-01
0.000000000000000000e+00

2.186486733762109391e-01
9.135602447915031066e-01
-2.288685030387046515e-01
-9.559457743141783204e-02
6.557719865868712715e-03
1.670478575469159788e-01
-9.437743008014018442e-02
-1.581675367987190051e-01
1.189042330221830174e-01
-9.848428216867489704e-01
-1.126108991083036026e-01
1.769161356258638629e-01
0.000000000000000000e+00

2.252824084565429874e-01
9.149845495723174515e-01
-2.294594065753169931e-01
-9.080772144616311436e-02
6.303671666848055565e-04
1.714348451365626524e-01
-8.607432354853068734e-02
-1.641330337666749573e-01
1.219022053588473126e-01
-9.620092581265847764e-01
-1.117675984473636697e-01
1.844366689983551744e-01
0.000000000000000000e+00

2.318921095525720288e-01
9.162956140250051451e-01
-2.300284560942835455e-01
-8.587139141766834960e-02
-5.278744572962027794e-03
1.758333681367205137e-01
-7.782101947672372122e-02
-1.702508532619880499e-01
1.242613539985782806e-01
-9.378402130410625759e-01
-1.104619364982484114e-01
1.912015117217292504e-01
0.000000000000000000e+00

2.384776451240697148e-01
9.174827066581626722e-01
-2.305692280516542791e-01
-8.082026801538554073e-02
-1.113159505538455912e-02
1.801896909784630740e-01
-6.963956178515212647e-02
-1.764614484017915375e-01
1.260853379000323182e-01
-9.124529623813140145e-01
-1.087647722201872252e-01
1.973741912845123625e-01
0.000000000000000000e+00

2.450388972469692284e-01
9.185363883568901100e-01
-2.310755533757777869e-01
-7.568957697779100935e-02
-1.689180118307195833e-02
1.844463541524418160e-01
-6.154834719468638138e-02
-1.827052037220660285e-01
1.274828708546251466e-01
-8.859561099222242886e-01
-1.067392130371385556e-01
2.031208320181314420e-01
0.000000000000000000e+00

2.515757836284123194e-01
9.194486361842478805e-01
-2.315417062967658479e-01
-7.051412691442829339e-02
-2.252586609255330038e-02
1.885436558936160745e-01
-5.356135025725188015e-02
-1.889240603255209761e-01
1.285640799763030639e-01
-8.584473110644534888e-01
-1.044399458554809007e-01
2.086026763095268077e-01
0.000000000000000000e+00

2.580883206781283690e-01
9.202129619871184385e-01
-2.319624960357886956e-01
-6.532764290190851142e-02
-2.800379199042226167e-02
1.924211845211817318e-01
-4.568807553187125003e-02
-1.950628577200179681e-01
1.294368451111715668e-01
-8.300113285713804911e-01
-1.019131418419585988e-01
2.139690792990874557e-01
0.000000000000000000e+00

2.645766568060838320e-01
9.208244659893594086e-01
-2.323333688599223124e-01
-6.016181439982790785e-02
-3.329955720537473851e-02
1.960200326436948026e-01
-3.793391509325240440e-02
-2.010709406680321054e-01
1.302024500004471674e-01
-8.007186728702918588e-01
-9.919679077453275040e-02
2.193512315016153957e-01
0.000000000000000000e+00

2.710411219861625365e-01
9.212798672547182210e-01
-2.326504816049177193e-01
-5.504542593226897929e-02
-3.839153675268452276e-02
1.992845971446941811e-01
-3.030060383687276093e-02
-2.069039068499360368e-01
1.309518090777446186e-01
-7.706245140430244556e-01
-9.632119488095491899e-02
2.248563522749754962e-01
0.000000000000000000e+00

2.774823443154557645e-01
9.215774792281715699e-01
-2.329107570411073080e-01
-5.000368318111519939e-02
-4.326246050916293662e-02
2.021646644569916329e-01
-2.278723706371691554e-02
-2.125249450106999338e-01
1.317616668268108693e-01
-7.397685115111598542e-01
-9.330987389536402055e-02
2.305627662059656913e-01
0.000000000000000000e+00

2.839012830278369037e-01
9.217171363126932526e-01
-2.331118736645641509e-01
-4.505736174982268027e-02
-4.789921535123695118e-02
2.046172877015418334e-01
-1.539132783437190122e-02
-2.179062334495206477e-01
1.326915714696063897e-01
-7.081755090530470476e-01
-9.018045637320788732e-02
2.365157380673609810e-01
0.000000000000000000e+00

2.902993404955084289e-01
9.217000664681375133e-01
-2.332522710007918776e-01
-4.022238272739551979e-02
-5.229261851889652202e-02
2.066084442235482932e-01
-8.109793985596301311e-03
-2.230297736675227183e-01
1.337815843846161812e-01
-6.758572132253852782e-01
-8.694588212409737338e-02
2.427242178703717668e-01
0.000000000000000000e+00

2.966784477760198158e-01
9.215287568087965342e-01
-2.333310643255686601e-01
-3.550930867798008511e-02
-5.643613308431458947e-02
2.081141136266704272e-01
-9.407413121796674629e-04
-2.278877633348612985e-01
1.350514011182127883e-01
-6.428151604418910203e-01
-8.361538912467240958e-02
2.491589334395979405e-01
0.000000000000000000e+00

3.030411314278910750e-01
9.212067254359481705e-01
-2.333479811016683503e-01
-3.092325261235063030e-02
-6.032537889028605910e-02
2.091212342007867930e-01
6.115817325988462741e-03
-2.324822917084185259e-01
1.365004227928346969e-01
-6.090450800660472952e-01
-8.019597764502242598e-02
2.557517930525133876e-01
0.000000000000000000e+00

3.093905764782860501e-01
9.207383964493266459e-01
-2.333032232487793622e-01
-2.646393316578480800e-02
-6.395639694416312138e-02
2.096282218257362606e-01
1.305617101736429239e-02
-2.368242498820591901e-01
1.381090082101474603e-01
-5.745422584801312960e-01
-7.669360208495955289e-02
2.623970543310971681e-01
0.000000000000000000e+00

3.157306648287253603e-01
9.201287850292843018e-01
-2.331973752773445485e-01
-2.212598880079979374e-02
-6.732473186169482537e-02
2.096444981798838147e-01
1.987238129393313624e-02
-2.409314324534739260e-01
1.398419487960579632e-01
-5.393087175989617066e-01
-7.311483232223918438e-02
2.689545975283716417e-01
0.000000000000000000e+00

3.220659492685350456e-01
9.193833501084446302e-01
-2.330313211120801642e-01
-1.789955430042717774e-02
-7.042447116958443221e-02
2.091899793802533269e-01
2.655170695495257319e-02
-2.448258900005567673e-01
1.416523779683400985e-01
-5.033609229182343103e-01
-6.946872696188223506e-02
2.752552331771602190e-01
0.000000000000000000e+00

3.284015733344309296e-01
9.185077475221236076e-01
-2.328061219162085582e-01
-1.377137675893556207e-02
-7.324691132363003732e-02
2.082937995328142111e-01
3.307583723695199651e-02
-2.485299166580323127e-01
1.434878478639742272e-01
-4.667392915804912112e-01
-6.576889664131982394e-02
2.811087816070630407e-01
0.000000000000000000e+00

3.347431220129502560e-01
9.175077907864758187e-01
-2.325230070356486822e-01
-9.725987870779072286e-03
-7.578001645071689996e-02
2.069925824127839542e-01
3.942073491622089670e-02
-2.520619770725829878e-01
1.452966795861397042e-01
-4.295172321414444938e-01
-6.203582174677472333e-02
2.863141398496952261e-01
0.000000000000000000e+00

3.410963785374294122e-01
9.163893554104958206e-01
-2.321833929770989458e-01
-5.747192627423789932e-03
-7.800824590735658259e-02
2.053283472801944454e-01
4.555670887266696084e-02
-2.554320471744594978e-01
1.470352829520941706e-01
-3.918105512074640528e-01
-5.829948143455036813e-02
2.906718020376624634e-01
0.000000000000000000e+00

3.474671019224726543e-01
9.151584572763153957e-01
-2.317890142434155532e-01
-1.819688209882683793e-03
-7.991309233544083290e-02
2.033459119036049312e-01
5.144887495463775634e-02
-2.586377435547941861e-01
1.486753284986312984e-01
-3.537853719992892776e-01
-5.460146243896674828e-02
2.939980832344646910e-01
0.000000000000000000e+00

3.538606688494800312e-01
9.138215076821021299e-01
-2.313421242662607458e-01
2.069292704934158275e-03
-8.147439666673907122e-02
2.010909045100741643e-01
5.705797732166652259e-02
-2.616617216230504028e-01
1.502091889273354242e-01
-3.156634816664136145e-01
-5.099631920060714724e-02
2.961399847807599239e-01
0.000000000000000000e+00

3.602818477336280356e-01
9.123857047640716589e-01
-2.308457751546862946e-01
5.928711004159562155e-03
-8.267256698445520080e-02
1.986080502175938400e-01
6.234190491050851241e-02
-2.644720325973258790e-01
1.516532424278701219e-01
-2.777240696340131931e-01
-4.755121630306862607e-02
2.969900649334759613e-01
0.000000000000000000e+00

3.667345629191050005e-01
9.108596743041317279e-01
-2.303041503263560108e-01
9.762982335089936611e-03
-8.349169245246085280e-02
1.959411097111749822e-01
6.725785937569650486e-02
-2.670263101293696706e-01
1.530468202309249459e-01
-2.403001180872767761e-01
-4.434234482849499365e-02
2.964990546151997641e-01
0.000000000000000000e+00

3.732218966938911087e-01
9.092540418675465475e-01
-2.297228543496523112e-01
1.357220708374637895e-02
-8.392338335799846838e-02
1.931326000583246383e-01
7.176605191622130453e-02
-2.692800577492012182e-01
1.544487190997037851e-01
-2.037692441515366604e-01
-4.144853169348113042e-02
2.946851186886340068e-01
0.000000000000000000e+00

3.797462169768208717e-01
9.075820882757877905e-01
-2.291090308830528999e-01
1.735291807354240323e-02
-8.397083900895475905e-02
1.902260663538491436e-01
7.583414758236968478e-02
-2.711980773873531314e-01
1.559283358410430420e-01
-1.685389625118783874e-01
-3.894112869565196505e-02
2.916380730386002873e-01
0.000000000000000000e+00

3.863094683977078003e-01
9.058600708681981972e-01
-2.284713578800016687e-01
2.109967648858727951e-02
-8.365323596386781135e-02
1.872679856397047038e-01
7.944332560408819133e-02
-2.727667853340862147e-01
1.575554582456339114e-01
-1.350277281227150461e-01
-3.687275786539095934e-02
2.875171994982367862e-01
0.000000000000000000e+00

3.929136121757834665e-01
9.041072701779833132e-01
-2.278196972998013381e-01
2.480690867877546543e-02
-8.300817995241031866e-02
1.843091357473418679e-01
8.259353578170633425e-02
-2.740036755725767104e-01
1.593898787322721722e-01
-1.036438291001396672e-01
-3.526668540603695307e-02
2.825424082479618404e-01
0.000000000000000000e+00

3.995610304889558040e-01
9.023454366605142551e-01
-2.271646117322895786e-01
2.847061909651649528e-02
-8.209304103789616391e-02
1.814047620785968762e-01
8.530809294963320744e-02
-2.749611508002925420e-01
1.614732239310120443e-01
-7.476520486624524398e-02
-3.411057488392533338e-02
2.769792519185816926e-01
0.000000000000000000e+00

4.062548928742726329e-01
9.005980116800470503e-01
-2.265166994084371888e-01
3.208936539050427639e-02
-8.098290264528186511e-02
1.786135682527981161e-01
8.763424324986510139e-02
-2.757225718988861041e-01
1.638236285521755820e-01
-4.872219717623017116e-02
-3.335599135959647910e-02
2.711191155561593069e-01
0.000000000000000000e+00

4.129993720264804602e-01
8.988888760123040500e-01
-2.258859703363432503e-01
3.566459407681189797e-02
-7.976679394818812774e-02
1.759949509754706598e-01
8.964079131240518250e-02
-2.763917423500659720e-01
1.664347227591377598e-01
-2.578522719389783613e-02
-3.292489759421977913e-02
2.652570946954687647e-01
0.000000000000000000e+00

4.197996261091807568e-01
8.972411619996522036e-01
-2.252812764513725807e-01
3.920021149172699809e-02
-7.854097014319653958e-02
1.736057959171340703e-01
9.141084921468020652e-02
-2.770781010400010791e-01
1.692777512563215514e-01
-6.158171013563342767e-03
-3.272079287040904894e-02
2.596692951853785125e-01
0.000000000000000000e+00

4.266616324220388612e-01
8.956760671970533938e-01
-2.247098914508803280e-01
4.270133500288204875e-02
-7.740148496630430697e-02
1.714972817354925849e-01
9.303241079572190098e-02
-2.778812437011168313e-01
1.723061854157248995e-01
1.002290935198612773e-02
-3.264272483104296158e-02
2.545927233004414147e-01
0.000000000000000000e+00

4.335918849174164036e-01
8.942119811097332116e-01
-2.241772324360568336e-01
4.617271991360100136e-02
-7.643609447053635597e-02
1.697124883374533932e-01
9.458733507258941520e-02
-2.788779645241394323e-01
1.754613277098824586e-01
2.268666627133193378e-02
-3.259799659169384384e-02
2.502091412402882020e-01
0.000000000000000000e+00

4.405969412119108419e-01
8.928637793647082876e-01
-2.236867024745798349e-01
4.961735830310454870e-02
-7.571751948714885994e-02
1.682841734801731326e-01
9.614181371905355933e-02
-2.801127319018057449e-01
1.786789790003409928e-01
3.182079841985561985e-02
-3.251319585364246395e-02
2.466335888367856277e-01
0.000000000000000000e+00

4.476829486483882570e-01
8.916424483597782391e-01
-2.232395615473774797e-01
5.303462183634055638e-02
-7.529770586794222453e-02
1.672338448345429829e-01
9.773874885051640760e-02
-2.815928178668540838e-01
1.818954534522181921e-01
3.746445356018510142e-02
-3.234064498757663331e-02
2.439092075358137712e-01
0.000000000000000000e+00

4.548551922794263902e-01
8.905549734438079623e-01
-2.228349407129152637e-01
5.641921925621721373e-02
-7.520505923221376676e-02
1.665715945148058819e-01
9.939402974722832962e-02
-2.832871087422745848e-01
1.850522706192060107e-01
3.970098278836670103e-02
-3.206172160976238084e-02
2.420071453442070586e-01
0.000000000000000000e+00

4.621177278389058118e-01
8.896043889130385018e-01
-2.224697800651635748e-01
5.976029626787779381e-02
-7.544291363877762835e-02
1.662957405985684423e-01
1.010958698938602129e-01
-2.851282689217078392e-01
1.881006169603670064e-01
3.865125246782873808e-02
-3.168622690905661260e-02
2.408312025297683068e-01
0.000000000000000000e+00

4.694730836719849809e-01
8.887899806731347496e-01
-2.221388569206657615e-01
6.304090709588119901e-02
-7.599074870225132339e-02
1.663932589649764482e-01
1.028077295795226109e-01
-2.870162250466303799e-01
1.910036159364133235e-01
3.446880651936247431e-02
-3.124936086904635951e-02
2.402268017462010630e-01
0.000000000000000000e+00

4.769221519119479780e-01
8.881076721528646800e-01
-2.218348585367483639e-01
6.623829388660255890e-02
-7.680709246067825291e-02
1.668402664990035200e-01
1.044739763311548081e-01
-2.888241611526205510e-01
1.937374385666128795e-01
2.733639567028554526e-02
-3.080676817858748334e-02
2.399926453820560024e-01
0.000000000000000000e+00

4.844641216823860064e-01
8.875504484669003435e-01
-2.215484778494371809e-01
6.932409592989528802e-02
-7.783397867870897602e-02
1.676031565372029242e-01
1.060274749579353248e-01
-2.904050474178774266e-01
1.962906919724703714e-01
1.746377602314641911e-02
-3.042812251949985128e-02
2.398948959804154124e-01
0.000000000000000000e+00

4.920965976933965869e-01
8.871090078764826137e-01
-2.212686254657870444e-01
7.226538326531541101e-02
-7.900255941369679902e-02
1.686399350933491803e-01
1.073983505645752373e-01
-2.916001959372421792e-01
1.986625723691654299e-01
5.086399438233453994e-03
-3.018953119966477291e-02
2.396830194303945505e-01
0.000000000000000000e+00

4.998158111756400013e-01
8.867723284227900793e-01
-2.209827156520767222e-01
7.502562176588142839e-02
-8.023925474449342121e-02
1.699016551281004317e-01
1.085230170003944894e-01
-2.922482248905934332e-01
2.008606432178996481e-01
-9.535905509694892965e-03
-3.016618282307996501e-02
2.391064708893859969e-01
0.000000000000000000e+00

5.076167742813586514e-01
8.865285083454998993e-01
-2.206770983769765215e-01
7.756607378206245573e-02
-8.147216618955145651e-02
1.713356246916571124e-01
1.093521600308131475e-01
-2.921958442666411915e-01
2.028964336129723822e-01
-2.612110942922497847e-02
-3.042401663465343908e-02
2.379316889112304545e-01
0.000000000000000000e+00

5.154936142158503820e-01
8.863654499917199558e-01
-2.203376112340545978e-01
7.984750476068912250e-02
-8.263680717786996144e-02
1.728875943370685175e-01
1.098572016764859660e-01
-2.913090333072279048e-01
2.047824556125396878e-01
-4.436866775817465552e-02
-3.101248060980333482e-02
2.359590308047168905e-01
0.000000000000000000e+00

5.234396897728058606e-01
8.862716298712235430e-01
-2.199502882007961790e-01
8.183216744239606155e-02
-8.368158475040772537e-02
1.745058813134886810e-01
1.100346655704531190e-01
-2.894850026929223774e-01
2.065272562954254265e-01
-6.396443713360371042e-02
-3.195793696697522834e-02
2.330378604971007350e-01
0.000000000000000000e+00

5.314478575688454942e-01
8.862366859845614009e-01
-2.195021615314753372e-01
8.348590026432614608e-02
-8.457092488013367992e-02
1.761438849696161102e-01
1.099069146788129031e-01
-2.866618344441077548e-01
2.081331371478395142e-01
-8.458836134053354661e-02
-3.325962630519462698e-02
2.290798649052709079e-01
0.000000000000000000e+00

5.395104320154495703e-01
8.862519472485389516e-01
-2.189820791383800813e-01
8.478056733618954954e-02
-8.528713139005111854e-02
1.777642047871435538e-01
1.095197713232533288e-01
-2.828260584944826683e-01
2.095918919517072154e-01
-1.059222769125908042e-01
-3.488825067994415219e-02
2.240685509554226074e-01
0.000000000000000000e+00

5.476192848625814902e-01
8.863106707570057585e-01
-2.183815032809786616e-01
8.569594127479898682e-02
-8.583025153216586323e-02
1.793402437872214095e-01
1.089379287427816589e-01
-2.780157678313042724e-01
2.108843284956123942e-01
-1.276599569238715537e-01
-3.678828898625102067e-02
2.180645090329013935e-01
0.000000000000000000e+00

5.557657270520348636e-01
8.864080237526857919e-01
-2.176951534383868292e-01
8.622189333086495433e-02
-8.621628159175377670e-02
1.808574505878596805e-01
1.082381398578918796e-01
-2.723189129999465941e-01
2.119797729168166611e-01
-1.495154612557740292e-01
-3.888356050493150390e-02
2.112050760249071513e-01
0.000000000000000000e+00

5.639404265256861004e-01
8.865409731729998466e-01
-2.169213766214876660e-01
8.635954541112483840e-02
-8.647327311394838179e-02
1.823131981220857123e-01
1.075010504406423428e-01
-2.658669778926030514e-01
2.128377214429045261e-01
-1.712318322019518169e-01
-4.108526969190191835e-02
2.036988444317791025e-01
0.000000000000000000e+00

5.721332731342393396e-01
8.867079041143475227e-01
-2.160622333200551415e-01
8.612204216855275096e-02
-8.663719187091487028e-02
1.837152051257331942e-01
1.068038903690332331e-01
-2.588243824326496578e-01
2.134104743877579258e-01
-1.925862720799333683e-01
-4.330173312405320718e-02
1.958140452968077372e-01
0.000000000000000000e+00

5.803334157845730923e-01
8.869082083543595729e-01
-2.151232853996990491e-01
8.553423108813103248e-02
-8.674712645346503714e-02
1.850791590217002180e-01
1.062139697729518467e-01
-2.513761735085484061e-01
2.136466692421160052e-01
-2.133938251046025025e-01
-4.544763172584775218e-02
1.878630534608644598e-01
0.000000000000000000e+00

5.885292395836849710e-01
8.871418344372904441e-01
-2.141131092444393813e-01
8.463183410630141512e-02
-8.684112096494654709e-02
1.864253428544551394e-01
1.057841975430146436e-01
-2.437138408719566052e-01
2.134953592367530850e-01
-2.335076192546813312e-01
-4.745237383242040252e-02
1.801829774469699830e-01
0.000000000000000000e+00

5.967085909911837849e-01
8.874089268988719637e-01
-2.130425914941355692e-01
8.345972077779957587e-02
-8.695262382978248550e-02
1.877755173330128424e-01
1.055505849025517445e-01
-2.360233184581924104e-01
2.129090190615672007e-01
-2.528160076131040213e-01
-4.926544468167868424e-02
1.731147283751222343e-01
0.000000000000000000e+00

6.048589287668828529e-01
8.877096596081506252e-01
-2.119241404280205188e-01
8.207025806007077484e-02
-8.710767572868564901e-02
1.891501268242263278e-01
1.055311248556988490e-01
-2.284747174531060465e-01
2.118459836918220873e-01
-2.712380763333691047e-01
-5.085926397699371687e-02
1.669823142115607617e-01
0.000000000000000000e+00

6.129677456725597384e-01
8.880440206804961489e-01
-2.107708928882080779e-01
8.052062236033497022e-02
-8.732420611572894176e-02
1.905657216561321421e-01
1.057276616786842760e-01
-2.212145414024318246e-01
2.102718843900730772e-01
-2.887169874614960441e-01
-5.222959225207717687e-02
1.620740877515159661e-01
0.000000000000000000e+00

6.210228689477683695e-01
8.884118783380094975e-01
-2.095959669825269434e-01
7.887083894237165160e-02
-8.761151272448096383e-02
1.920335109932563289e-01
1.061278023387065284e-01
-2.143615439085775620e-01
2.081596948704182715e-01
-3.052126942437903279e-01
-5.339287293110574900e-02
1.586271020500124584e-01
0.000000000000000000e+00

6.290129116488558658e-01
8.888129763545513651e-01
-2.084118880272446128e-01
7.718141792233562670e-02
-8.797144597213259198e-02
1.935583876771565515e-01
1.067086054002744921e-01
-2.080052409965278959e-01
2.054893744446384396e-01
-3.206954543924475654e-01
-5.438244173719632146e-02
1.568165353188461786e-01
0.000000000000000000e+00

6.369275881320124455e-01
8.892470771918297157e-01
-2.072300987124543747e-01
7.551144331861647796e-02
-8.839915674004722446e-02
1.951384195184593384e-01
1.074395164535046077e-01
-2.022068284521120196e-01
2.022471915237495366e-01
-3.351397781643428719e-01
-5.524344441535138789e-02
1.567495801904797426e-01
0.000000000000000000e+00

6.447580761662429216e-01
8.897140281701331199e-01
-2.060607443248102244e-01
7.391695341867772495e-02
-8.888535727078847315e-02
1.967654848965304792e-01
1.082862317906361782e-01
-1.970023898224255166e-01
1.984242453401847128e-01
-3.485203342971902596e-01
-5.602733435269556528e-02
1.584642926530812346e-01
0.000000000000000000e+00

6.524971991682085859e-01
8.902138110369028912e-01
-2.049125024112833093e-01
7.244950892441905099e-02
-8.941750721185084960e-02
1.984257474621068107e-01
1.092131625954764346e-01
-1.924065419459562998e-01
1.940158374667542152e-01
-3.608093809505520388e-01
-5.678678864480112692e-02
1.619328077664169696e-01
0.000000000000000000e+00

6.601396384454502053e-01
8.907465588164399373e-01
-2.037925743762144803e-01
7.115511755180915776e-02
-8.998159109376885345e-02
2.001005454121400073e-01
1.101859953419127569e-01
-1.884168499938980723e-01
1.890207477257406787e-01
-3.719759500466198188e-01
-5.757113759606258957e-02
1.670678126736228342e-01
0.000000000000000000e+00

6.676819229691499658e-01
8.913125366928538185e-01
-2.027067182259148226e-01
7.007335618358960516e-02
-9.056261983509401869e-02
2.017675620680084714e-01
1.111725791752611603e-01
-1.850185301836517471e-01
1.834411567536201604e-01
-3.819869291905680364e-01
-5.842252419497126481e-02
1.737314659984978138e-01
0.000000000000000000e+00

6.751223742034856423e-01
8.919121084364723950e-01
-2.016593461595554415e-01
6.923688029110183773e-02
-9.114563532423834713e-02
2.034024456854710561e-01
1.121439127500608035e-01
-1.821881965025888006e-01
1.772819168502876019e-01
-3.908085338308590617e-01
-5.937336506098461753e-02
1.817455511121282841e-01
0.000000000000000000e+00

6.824610636991909063e-01
8.925456179694933878e-01
-2.006535906518412127e-01
6.867075222165805459e-02
-9.171598626658870879e-02
2.049793801596627441e-01
1.130744748340392347e-01
-1.798968761154469131e-01
1.705514436414554968e-01
-3.984089809356751721e-01
-6.044466885159544001e-02
1.909021088354570794e-01
0.000000000000000000e+00

6.896995772741594255e-01
8.932133233745424006e-01
-1.996914333756100723e-01
6.839244970453066397e-02
-9.225933267501526536e-02
2.064728283344001436e-01
1.139417704956938171e-01
-1.781132880674502483e-01
1.632612752726707028e-01
-4.047609966134106396e-01
-6.164518911247249960e-02
2.009738060681453831e-01
0.000000000000000000e+00

6.968408424064297391e-01
8.939153407894120384e-01
-1.987737128419397592e-01
6.841134091584416543e-02
-9.276110205136281484e-02
2.078583224214080871e-01
1.147255747923096453e-01
-1.768047870235202323e-01
1.554265320186256349e-01
-4.098444301419735258e-01
-6.297160363636672420e-02
2.117237152550023038e-01
0.000000000000000000e+00

7.038889076056820127e-01
8.946514567646638438e-01
-1.979002350629565365e-01
6.872882204758845592e-02
-9.320667757575167023e-02
2.091129363573115130e-01
1.154077967924434095e-01
-1.759387842022978876e-01
1.470665743183226515e-01
-4.136485805609933508e-01
-6.440935113139555079e-02
2.229139722083234854e-01
0.000000000000000000e+00

7.108486845229969875e-01
8.954211758179503322e-01
-1.970698019934988277e-01
6.933803494226137287e-02
-9.358074839650727672e-02
2.102167149099266885e-01
1.159713957972813153e-01
-1.754828102634183040e-01
1.382041424470440982e-01
-4.161735781076403851e-01
-6.593382016459062300e-02
2.343133281519678701e-01
0.000000000000000000e+00

7.177257213248116052e-01
8.962236105902785521e-01
-1.962803372910671418e-01
7.022446634947455968e-02
-9.386743025080157565e-02
2.111528350953121302e-01
1.164001140642832305e-01
-1.754049592412164627e-01
1.288655835163761698e-01
-4.174313541614647072e-01
-6.751201470133667837e-02
2.457034233252287647e-01
0.000000000000000000e+00

7.245260383706564333e-01
8.970574530788252288e-01
-1.955289047708340111e-01
7.136591437131568905e-02
-9.404994442782931008e-02
2.119077089902695887e-01
1.166780250963256604e-01
-1.756731483584905995e-01
1.190808747925298922e-01
-4.174461164714924344e-01
-6.910464809543073739e-02
2.568838869135520175e-01
0.000000000000000000e+00

7.312558981488797016e-01
8.979210079346394702e-01
-1.948118260414734848e-01
7.273291135752406322e-02
-9.411075712246047553e-02
2.124719865686697240e-01
1.167892279074498330e-01
-1.762547585458876798e-01
1.088821323256364548e-01
-4.162537025905645449e-01
-7.066800234954985493e-02
2.676763355239721309e-01
0.000000000000000000e+00

7.379217277794209995e-01
8.988121444005459093e-01
-1.941248029926511409e-01
7.428957789122854483e-02
-9.403211834995461871e-02
2.128397360888563961e-01
1.167183371202031722e-01
-1.771161912465690491e-01
9.830403082029899597e-02
-4.139011634429988207e-01
-7.215625109980244867e-02
2.779270908682196506e-01
0.000000000000000000e+00

7.445298197985168454e-01
8.997283714084284290e-01
-1.934630384575618256e-01
7.599449298948168785e-02
-9.379606932546792619e-02
2.130092912552972451e-01
1.164500676907177651e-01
-1.782226686069884602e-01
8.738223836115005527e-02
-4.104452786088851890e-01
-7.352308083374035907e-02
2.875089794390106590e-01
0.000000000000000000e+00

7.510864236644911873e-01
9.006667964569501361e-01
-1.928213706202399624e-01
7.780162416211862386e-02
-9.338544584081000244e-02
2.129820377940566944e-01
1.159704056807473460e-01
-1.795375571137897974e-01
7.615360077228464086e-02
-4.059510456840727533e-01
-7.472430186648798545e-02
2.963220212199078052e-01
0.000000000000000000e+00

7.575974611675885262e-01
9.016242060223655930e-01
-1.921944448286858897e-01
7.966167810244612069e-02
-9.278442153950718085e-02
2.127632592991805238e-01
1.152667240921438768e-01
-1.810227743304207715e-01
6.465428520575636218e-02
-4.004899061502261715e-01
-7.571916501237048458e-02
3.042934684306894400e-01
0.000000000000000000e+00

7.640686071433240301e-01
9.025970680509454169e-01
-1.915768500348555003e-01
8.152330593276047033e-02
-9.197901843566971825e-02
2.123610209983807229e-01
1.143283834084588002e-01
-1.826385490485640251e-01
5.291993694561272082e-02
-3.941380645904902780e-01
-7.647200603688966702e-02
3.113769694238414654e-01
0.000000000000000000e+00

7.705051459633633915e-01
9.035815619651234032e-01
-1.909633312931207916e-01
8.333487278793763608e-02
-9.095813079712770921e-02
2.117859603395540191e-01
1.131475587966788432e-01
-1.843442869308339060e-01
4.098479600380348919e-02
-3.869745224400702455e-01
-7.695366191815641854e-02
3.175508375552707485e-01
0.000000000000000000e+00

7.769119391411621889e-01
9.045735369305840656e-01
-1.903489089986056815e-01
8.504566929699165778e-02
-8.971404710974290042e-02
2.110506657301869093e-01
1.117198602251219391e-01
-1.860985014167136353e-01
2.888143985768885924e-02
-3.790794603360973514e-01
-7.714265331830646999e-02
3.228163790978684777e-01
0.000000000000000000e+00

7.832933963787400700e-01
9.055685758023778176e-01
-1.897290518275266957e-01
8.660764334877076032e-02
-8.824298964826303437e-02
2.101692770693088796e-01
1.100447490400526529e-01
-1.878598435934484279e-01
1.664006974512418149e-02
-3.705323821887581692e-01
-7.702586162407974724e-02
3.271952542467542191e-01
0.000000000000000000e+00

7.896535187407196510e-01
9.065619834751301731e-01
-1.890997894186639272e-01
8.797648102921286350e-02
-8.654520446814442658e-02
2.091564692381323864e-01
1.081257439595136316e-01
-1.895874880715837374e-01
4.288944117463498393e-03
-3.614110024906672658e-01
-7.659901690859757806e-02
3.307267879865065097e-01
0.000000000000000000e+00

7.959957986656999163e-01
9.075487608129417794e-01
-1.884578688611621977e-01
8.911311570631730294e-02
-8.462590526401736479e-02
2.080274411124524714e-01
1.059712802542309290e-01
-1.912423937356881598e-01
-8.146510763381541176e-03
-3.517894857503640060e-01
-7.586678205018715371e-02
3.334650049906582869e-01
0.000000000000000000e+00

8.023233010244794627e-01
9.085236530214967354e-01
-1.878007832059699067e-01
8.998438782675842462e-02
-8.249450697520922804e-02
2.067970168072393311e-01
1.035941149761035740e-01
-1.927873783165048871e-01
-2.064330020145283690e-02
-3.417377384774459848e-01
-7.484272066919699096e-02
3.354757774515279012e-01
0.000000000000000000e+00

8.086386651399583014e-01
9.094810678961182671e-01
-1.871268718293187527e-01
9.056412452015465131e-02
-8.016499974478959178e-02
2.054787334784403396e-01
1.010117889511612244e-01
-1.941884338603908633e-01
-3.318012812270346168e-02
-3.313208100327584837e-01
-7.354873570516916315e-02
3.368338283648866227e-01
0.000000000000000000e+00

8.149441101011045685e-01
9.104151925761180264e-01
-1.864353169867974946e-01
9.083315041899923947e-02
-7.765542503680908371e-02
2.040852806777418982e-01
9.824599764336379437e-02
-1.954151105249635756e-01
-4.573836437319927367e-02
-3.205981121816445234e-01
-7.201399681984853307e-02
3.376198669049104706e-01
0.000000000000000000e+00

8.212414750243940409e-01
9.113199421254044585e-01
-1.857261694602961866e-01
9.077992099091923561e-02
-7.498766978463403121e-02
2.026274999055749926e-01
9.532250870352994288e-02
-1.964414787221709924e-01
-5.830110228979584058e-02
-3.096231647035957435e-01
-7.027410074817862229e-02
3.379179178382698545e-01
0.000000000000000000e+00

8.275322935229112442e-01
9.121890051846749392e-01
-1.850002678509872212e-01
9.039980128610627941e-02
-7.218665245626991467e-02
2.011140838192978786e-01
9.227040998489870194e-02
-1.972463304180903099e-01
-7.085253810349928516e-02
-2.984441215571617678e-01
-6.836953071613774413e-02
3.378128512202054901e-01
0.000000000000000000e+00

8.338177858683204491e-01
9.130158950624633896e-01
-1.842592277077904350e-01
8.969505559925981808e-02
-6.928008276387945252e-02
1.995519469774827970e-01
8.912162966690181931e-02
-1.978139596749252938e-01
-8.337830329219446390e-02
-2.871039032038812944e-01
-6.634404977197640163e-02
3.373883530228481975e-01
0.000000000000000000e+00

8.400989290799494302e-01
9.137940034595743999e-01
-1.835053023493179170e-01
8.867389884992857296e-02
-6.629727237007169982e-02
1.979456637939010777e-01
8.590974655425198669e-02
-1.981343295919011094e-01
-9.586446984338875543e-02
-2.756408191373413419e-01
-6.424277553465863877e-02
3.367250366334382239e-01
0.000000000000000000e+00

8.463763965142881984e-01
9.145166365345052117e-01
-1.827413231892079937e-01
8.734966146908586249e-02
-6.326911088753245371e-02
1.962978996306888324e-01
8.266978382316945984e-02
-1.982033357974438137e-01
-1.082971767781555766e-01
-2.640899210231046901e-01
-6.211082675971603406e-02
3.358990224368820221e-01
0.000000000000000000e+00

8.526507075902696187e-01
9.151771381075953782e-01
-1.819705211190996708e-01
8.573939677738257048e-02
-6.022697220385769129e-02
1.946093724089656418e-01
7.943700906080579383e-02
-1.980222854641816854e-01
-1.206621913114794137e-01
-2.524837325310396174e-01
-5.999120745736314514e-02
3.349807950036057802e-01
0.000000000000000000e+00

8.589221792215591122e-01
9.157689068966873291e-01
-1.811964690978763448e-01
8.386320821966115890e-02
-5.720255392397833455e-02
1.928789587573516151e-01
7.624643919644770451e-02
-1.975984719218885077e-01
-1.329442188173304840e-01
-2.408536688166326434e-01
-5.792321163955482105e-02
3.340345669936671258e-01
0.000000000000000000e+00

8.651909017185616113e-01
9.162856000687896740e-01
-1.804228579580866576e-01
8.174251726119328987e-02
-5.422673984914882367e-02
1.911045097889936262e-01
7.313149101134086560e-02
-1.969440729313327587e-01
-1.451269024960022136e-01
-2.292312327689340068e-01
-5.594083408894098830e-02
3.331177972565775303e-01
0.000000000000000000e+00

8.714568009008242244e-01
9.167211318756136595e-01
-1.796534406029623721e-01
7.939898917092610975e-02
-5.132993865675462147e-02
1.892827386585903826e-01
7.012413521106468373e-02
-1.960759977675416155e-01
-1.571918404444354322e-01
-2.176497788017938417e-01
-5.407160104051322858e-02
3.322812813084642380e-01
0.000000000000000000e+00

8.777196399238850200e-01
9.170698812113770026e-01
-1.788918577335266991e-01
7.685356242127783233e-02
-4.854101797913518146e-02
1.874098108083853964e-01
6.725355947142069857e-02
-1.950150688051033587e-01
-1.691186666828926044e-01
-2.061452156454590401e-01
-5.233551887178634898e-02
3.315692431959261777e-01
0.000000000000000000e+00

8.839789667797890438e-01
9.173267750264214593e-01
-1.781415498923872853e-01
7.412519087416226393e-02
-4.588759054875189702e-02
1.854824309839796792e-01
6.454602352503509277e-02
-1.937858044037928940e-01
-1.808854965367293344e-01
-1.947573278575051026e-01
-5.074393031767473333e-02
3.310199884685058325e-01
0.000000000000000000e+00

8.902342472547142282e-01
9.174874459336159749e-01
-1.774056505782428961e-01
7.123014351151678303e-02
-4.339531570958840567e-02
1.834977963596906292e-01
6.202399740374250209e-02
-1.924155540851837654e-01
-1.924685151493669977e-01
-1.835306099905146815e-01
-4.929903427135137739e-02
3.306665498652368029e-01
0.000000000000000000e+00

8.964847162955112969e-01
9.175483520486533706e-01
-1.766869317498023506e-01
6.818149295513312169e-02
-4.108814242063312666e-02
1.814546294598848586e-01
5.970626122275064784e-02
-1.909336373606429493e-01
-2.038425043402511405e-01
-1.725148186585599430e-01
-4.799428945077728603e-02
3.305372892070985169e-01
0.000000000000000000e+00

9.027295844721529017e-01
9.175068713351031136e-01
-1.759877647389566091e-01
6.498890984384646241e-02
-3.898806016999826346e-02
1.793536735870562004e-01
5.760717157739943944e-02
-1.893715986908408866e-01
-2.149818058627196715e-01
-1.617648927002174608e-01
-4.681358923603731736e-02
3.306569589595236835e-01
0.000000000000000000e+00

9.089679866223083771e-01
9.173614550989525052e-01
-1.753100519791285228e-01
6.165822438053614185e-02
-3.711493983893325577e-02
1.771983367096289785e-01
5.573684597564394771e-02
-1.877610007396500469e-01
-2.258608492045047211e-01
-1.513408340717196932e-01
-4.573301056104348700e-02
3.310471433793051865e-01
0.000000000000000000e+00

9.151990954306056247e-01
9.171116401046051081e-01
-1.746553183490728300e-01
5.819216541638401463e-02
-3.548676790282703775e-02
1.749951425653189785e-01
5.410088459580128517e-02
-1.861344488844649814e-01
-2.364553522130344310e-01
-1.413068915418180804e-01
-4.472068775510878308e-02
3.317270546338179082e-01
0.000000000000000000e+00

9.214221142347719384e-01
9.167581923470647931e-01
-1.740246779823023116e-01
5.459060837070190547e-02
-3.411922060970789400e-02
1.727545714247287478e-01
5.270044429176985734e-02
-1.845232789645252780e-01
-2.467436455258819883e-01
-1.317305518774430639e-01
-4.373920193214501234e-02
3.327137700046128299e-01
0.000000000000000000e+00

9.276364084081719641e-01
9.163030676689530862e-01
-1.734189086784760081e-01
5.085122297886114640e-02
-3.302571884023323273e-02
1.704908674308963923e-01
5.153235977178257515e-02
-1.829575926379427564e-01
-2.567074293740463364e-01
-1.226810768217678760e-01
-4.274675219035462687e-02
3.340223875848874480e-01
0.000000000000000000e+00

9.338415915678128787e-01
9.157494015206075755e-01
-1.728385365305459276e-01
4.697043368558805748e-02
-3.221720110963190858e-02
1.682221500747280996e-01
5.058940638805191348e-02
-1.814649389518190326e-01
-2.663330213215630016e-01
-1.142274777911916062e-01
-4.169950468320525461e-02
3.356658589521690494e-01
0.000000000000000000e+00

9.400376176703860720e-01
9.151015086364656659e-01
-1.722839258353484615e-01
4.294438159949364592e-02
-3.170180313822873464e-02
1.659707475817363276e-01
4.986022457612137443e-02
-1.800698449831495407e-01
-2.756127618660199619e-01
-1.064368258580144638e-01
-4.055347954140663125e-02
3.376545272094219619e-01
0.000000000000000000e+00

9.462247721996217553e-01
9.143647988128046356e-01
-1.717553465813302926e-01
3.876980436980032724e-02
-3.148447467218544460e-02
1.637627584877007769e-01
4.932975083068655980e-02
-1.787924099911541165e-01
-2.845454192300254093e-01
-9.937246164783715419e-02
-3.926738288187241882e-02
3.399954256460673840e-01
0.000000000000000000e+00

9.524038807915705673e-01
9.135456261692820323e-01
-1.712530889883041030e-01
3.444515354291096537e-02
-3.156669684272602611e-02
1.616273330900554195e-01
4.897950277524215634e-02
-1.776478446716023563e-01
-2.931368401167048221e-01
-9.309162361280712283e-02
-3.780457688364129154e-02
3.426913763376095434e-01
0.000000000000000000e+00

9.585762488597830977e-01
9.126511811549147257e-01
-1.707775476922915037e-01
2.997153253851083526e-02
-3.194597448863101263e-02
1.595958710294067273e-01
4.878767606071496288e-02
-1.766460981732415891e-01
-3.013997401278873944e-01
-8.764414870523222489e-02
-3.613504925569580029e-02
3.457399465039949771e-01
0.000000000000000000e+00

9.647437877936944073e-01
9.116893625562491055e-01
-1.703292833073591639e-01
2.535356038547391042e-02
-3.261529123640082711e-02
1.577016097289083707e-01
4.872922319853494055e-02
-1.757911986666125526e-01
-3.093543664133822646e-01
-8.307061661211419257e-02
-3.423698160437018551e-02
3.491322966204796208e-01
0.000000000000000000e+00

9.709089949232535544e-01
9.106685744447026165e-01
-1.699091010530338619e-01
2.060007755455391804e-02
-3.356294029921008670e-02
1.559781535485576798e-01
4.877642417072815262e-02
-1.750811223665455774e-01
-3.170271091795210383e-01
-7.940167842146839128e-02
-3.209834838367726234e-02
3.528521879426603225e-01
0.000000000000000000e+00

9.770750195840159913e-01
9.095975261497889486e-01
-1.695180564768235809e-01
1.572456971173285742e-02
-3.477213545715424070e-02
1.544579333093356321e-01
4.889901401648916873e-02
-1.745080588196347426e-01
-3.244494958027740461e-01
-7.665707597524382133e-02
-2.971703565220835605e-02
3.568749627679519976e-01
0.000000000000000000e+00

9.832455870308903778e-01
9.084851185974330834e-01
-1.691574890155785327e-01
1.074562658485215053e-02
-3.622076847211753298e-02
1.531715892383177791e-01
4.906436117290131210e-02
-1.740585995945859721e-01
-3.316573418504039084e-01
-7.484565020414139791e-02
-2.710111491954381169e-02
3.611668448563505884e-01
0.000000000000000000e+00

9.894250264946217177e-01
9.073402036821645034e-01
-1.688290007197932041e-01
5.686975711365112145e-03
-3.788171192338993243e-02
1.521460766214601246e-01
4.923817330657800917e-02
-1.737146284698330434e-01
-3.386885466709043668e-01
-7.396569270634696658e-02
-2.426802391634307055e-02
3.656845286514929239e-01
0.000000000000000000e+00

9.956182009262619648e-01
9.061714520390911076e-01
-1.685344197804569677e-01
5.775858971823402818e-04
-3.972281922025205914e-02
1.514033677043643000e-01
4.938487049886663982e-02
-1.734539371193865032e-01
-3.455811779305952292e-01
-7.400571534044435296e-02
-2.124366881306623267e-02
3.703749450077543082e-01
0.000000000000000000e+00

1.001830451428828761e+00
9.049872148919707593e-01
-1.682757426899833264e-01
-4.548745733638190868e-03
-4.170733445998071193e-02
1.509595790284448957e-01
4.946773137314862401e-02
-1.732520081387377009e-01
-3.523717598668292261e-01
-7.494568876380555689e-02
-1.805978154549104514e-02
3.751756679043672382e-01
0.000000000000000000e+00

1.008067546835656136e+00
9.037953428092981856e-01
-1.680550825698457484e-01
-9.653688004910713008e-03
-4.379486758909480887e-02
1.508235705833698148e-01
4.945026670800124063e-02
-1.730825368567504019e-01
-3.590928691899561986e-01
-7.675855476170449776e-02
-1.475270969732026503e-02
3.800153743599211653e-01
0.000000000000000000e+00

1.014335525937727356e+00
9.026031454555708544e-01
-1.678745430914534709e-01
-1.469524321347878866e-02
-4.594176475131894755e-02
1.509964603502269853e-01
4.929597544117884228e-02
-1.729195034704156253e-01
-3.657712812714972728e-01
-7.941244741365782733e-02
-1.135985448946097952e-02
3.848149738307125034e-01
0.000000000000000000e+00

1.020640693821871725e+00
9.014172652356102766e-01
-1.677361721134870143e-01
-1.962830942047773600e-02
-4.810251294208944817e-02
1.514709816324777414e-01
4.896934698099608685e-02
-1.727388743966452311e-01
-3.724262007709725486e-01
-8.287269488412778162e-02
-7.916775461375764877e-03
3.894888546944528240e-01
0.000000000000000000e+00

1.026989434624791864e+00
9.002436307703639562e-01
-1.676418364052851551e-01
-2.440594693956093728e-02
-5.023060393722699607e-02
1.522314817016646449e-01
4.843626427629665193e-02
-1.725195754638345902e-01
-3.790677892018593509e-01
-8.710404720286500646e-02
-4.454827945020279657e-03
3.939464785393908541e-01
0.000000000000000000e+00

1.033388123503317768e+00
8.990874495391864007e-01
-1.675931712595134793e-01
-2.898005046417794633e-02
-5.227975023292421447e-02
1.532539912607894239e-01
4.766435714513649752e-02
-1.722454488080793766e-01
-3.856958316313312540e-01
-9.207327761355593720e-02
-9.981443627440544832e-04
3.980940735663627827e-01
0.000000000000000000e+00

1.039843034645727915e+00
8.979531915936997954e-01
-1.675914623876726683e-01
-3.330309025597995992e-02
-5.420516053779114718e-02
1.545069682084265483e-01
4.662328802847602593e-02
-1.719063892139462146e-01
-3.922992887477681490e-01
-9.775114604388333850e-02
2.439046838044601866e-03
4.018363960403067425e-01
0.000000000000000000e+00

1.046360206371530488e+00
8.968446042137789842e-01
-1.676376167047895216e-01
-3.732899419879501940e-02
-5.596462205410176333e-02
1.559522657514670896e-01
4.528487356835991795e-02
-1.714994607722687692e-01
-3.988560060974003507e-01
-1.041147163594713376e-01
5.854035348877698053e-03
4.050786280139360152e-01
0.000000000000000000e+00

1.052945358895335470e+00
8.957648129921708113e-01
-1.677320804552087652e-01
-4.101474537498719930e-02
-5.751933921100126773e-02
1.575464960727910313e-01
4.362300928822147178e-02
-1.710290318326800618e-01
-4.053331405268513765e-01
-1.111489049652493455e-01
9.256887896133717680e-03
4.077278266070835100e-01
0.000000000000000000e+00

1.059603680128261338e+00
8.947164025643070673e-01
-1.678748511548578681e-01
-4.432134276322033384e-02
-5.883502916237614427e-02
1.592429420464148426e-01
4.161355321172250515e-02
-1.705077395267947382e-01
-4.116880824681491968e-01
-1.188480224449444123e-01
1.267127155522225490e-02
4.096943464623948317e-01
0.000000000000000000e+00

1.066339843451057590e+00
8.937014668095009107e-01
-1.680654240357704887e-01
-4.721531748383480526e-02
-5.988244289714967500e-02
1.609930615892488925e-01
3.923403772714158938e-02
-1.699560076578811585e-01
-4.178695625271423575e-01
-1.272165700830246438e-01
1.613402023937438035e-02
4.108930485555170598e-01
0.000000000000000000e+00

1.073157860875598280e+00
8.927217736545364213e-01
-1.683028584708793074e-01
-4.966925950490931607e-02
-6.063786530499545163e-02
1.627486847350123333e-01
3.646353057221432548e-02
-1.694014996043272936e-01
-4.238193731532428066e-01
-1.362697827033823583e-01
1.969406404802172966e-02
4.112439404512343577e-01
0.000000000000000000e+00

1.080060948614565364e+00
8.917788752584837608e-01
-1.685857515616011326e-01
-5.166341553650986851e-02
-6.108333820902250161e-02
1.644642748628735718e-01
3.328230268791004809e-02
-1.688778149520877847e-01
-4.294745084617577757e-01
-1.460335498378836361e-01
2.341068333966253232e-02
4.106726379537335991e-01
0.000000000000000000e+00

1.087051470691315691e+00
8.908742268577336532e-01
-1.689123128356470327e-01
-5.318588056245371343e-02
-6.120658930308282841e-02
1.660986874627347620e-01
2.967150782389289462e-02
-1.684235091555981723e-01
-4.347690174002427077e-01
-1.565439660900419527e-01
2.735115049293913511e-02
4.091105387110088865e-01
0.000000000000000000e+00

1.094130845573881627e+00
8.900093123373111759e-01
-1.692804415541855068e-01
-5.423288216651386828e-02
-6.100097814035837507e-02
1.676174312633871011e-01
2.561309513326117532e-02
-1.680806737142785390e-01
-4.396366408722424679e-01
-1.678463133163921872e-01
3.158760318756344276e-02
4.064946409500816982e-01
0.000000000000000000e+00

1.101299542163839407e+00
8.891857127444762199e-01
-1.696877547739054082e-01
-5.480903507348167114e-02
-6.046470602471385597e-02
1.689935184693757697e-01
2.108947371633452042e-02
-1.678929077214750265e-01
-4.440122103217227778e-01
-1.799937259631211595e-01
3.619339156536623137e-02
4.027672937574770518e-01
0.000000000000000000e+00

1.108556896003158876e+00
8.884052726556409540e-01
-1.701316545929308088e-01
-5.492755341568836963e-02
-5.960034240135583805e-02
1.702094456030471270e-01
1.608353768345365670e-02
-1.679031658192074450e-01
-4.478341824723896525e-01
-1.930455841612048751e-01
4.123936778092666955e-02
3.978755797932015947e-01
0.000000000000000000e+00

1.115901170735143166e+00
8.876700027378369162e-01
-1.706094439913511673e-01
-5.460911189873810662e-02
-5.841440495905161900e-02
1.712572304774476750e-01
1.057928859115324187e-02
-1.681523101538140441e-01
-4.510456089104534771e-01
-2.070655913177684437e-01
4.678936393917452335e-02
3.917711421921128423e-01
0.000000000000000000e+00

1.123329503511443894e+00
8.869821857558055633e-01
-1.711183696934188703e-01
-5.388162605736972199e-02
-5.691614883879609482e-02
1.721389384620665985e-01
4.561745673749295800e-03
-1.686765328066018588e-01
-4.535954893744802430e-01
-2.221197902330733498e-01
5.289581738756114759e-02
3.844098161884428877e-01
0.000000000000000000e+00

1.130837869033453735e+00
8.863442843679317784e-01
-1.716556929937020637e-01
-5.277913704393100841e-02
-5.511710573158089960e-02
1.728661560526702501e-01
-1.982028110549659532e-03
-1.695057039343756677e-01
-4.554392849684456568e-01
-2.382740477743446883e-01
5.959502457389054958e-02
3.757515670183750323e-01
0.000000000000000000e+00

1.138421134271743185e+00
8.857588840377081940e-01
-1.722186906051526301e-01
-5.134124280919686450e-02
-5.303010150651932958e-02
1.734588136462638652e-01
-9.062045082136030091e-03
-1.706608309100672571e-01
-4.565385284945058242e-01
-2.555920954648553955e-01
6.690223178067476739e-02
3.657607519399395657e-01
0.000000000000000000e+00

1.146073061728363651e+00
8.852285273344893124e-01
-1.728047350616079281e-01
-4.961130733161656786e-02
-5.066868192326020454e-02
1.739438124200761160e-01
-1.668402209876364284e-02
-1.721526451417441095e-01
-4.568607494272528546e-01
-2.741326419239576984e-01
7.480702388141212411e-02
3.544069689135407319e-01
0.000000000000000000e+00

1.153786347080860919e+00
8.847555912666246192e-01
-1.734112288287126824e-01
-4.763608822402522897e-02
-4.804656296944320032e-02
1.743530197988193697e-01
-2.484783147891723304e-02
-1.739796507817764903e-01
-4.563781278560692378e-01
-2.939472182995021554e-01
8.326907042174543083e-02
3.416663865994327143e-01
0.000000000000000000e+00

1.161552734422267363e+00
8.843420654114430013e-01
-1.740356315286621380e-01
-4.546407519862699642e-02
-4.517748902124374411e-02
1.747212923046022603e-01
-3.354548777458953024e-02
-1.761272150646749357e-01
-4.550669002969501276e-01
-3.150773483136302677e-01
9.221388018662640684e-02
3.275235808477054977e-01
0.000000000000000000e+00

1.169363098831902370e+00
8.839893958512103911e-01
-1.746753425657836534e-01
-4.314491857654027124e-02
-4.207465996113250034e-02
1.750835154430241403e-01
-4.275937827768587496e-02
-1.785663551118038539e-01
-4.529050817685543739e-01
-3.375521570554942397e-01
1.015302073537764221e-01
3.119743805876845633e-01
0.000000000000000000e+00

1.177207578547416311e+00
8.836982682086077512e-01
-1.753276994669450695e-01
-4.072782149185120992e-02
-3.875109636238754235e-02
1.754727880568006659e-01
-5.246057993279516080e-02
-1.812549304292888630e-01
-4.498721230263244553e-01
-3.613855900606665617e-01
1.110683917342943083e-01
2.950292805008380981e-01
0.000000000000000000e+00

1.185075777204895431e+00
8.834684676697059924e-01
-1.759898311915939206e-01
-3.826131139052813684e-02
-3.521967124466604537e-02
1.759177303383076263e-01
-6.260721857123244249e-02
-1.841378203050433870e-01
-4.459471877399182604e-01
-3.865741606643190442e-01
1.206407487542344170e-01
2.767175277115777599e-01
0.000000000000000000e+00

1.192956881753064247e+00
8.832987899421268496e-01
-1.766586375263822228e-01
-3.579180833716295168e-02
-3.149342192443869287e-02
1.764411898382560184e-01
-7.314388796198648124e-02
-1.871496669893943920e-01
-4.411092271224482109e-01
-4.130945938097653203e-01
1.300237837920100448e-01
2.570920664910783526e-01
0.000000000000000000e+00

1.200839969141335395e+00
8.831869910869487583e-01
-1.773307131489721133e-01
-3.336330297796311073e-02
-2.758626522893159114e-02
1.770587985870633041e-01
-8.400121780839950314e-02
-1.902174669264997953e-01
-4.353370169833645220e-01
-4.409021225308193959e-01
1.389627769669503354e-01
2.362345398991753664e-01
0.000000000000000000e+00

1.208714217199712726e+00
8.831297768629083889e-01
-1.780024043993144178e-01
-3.101592604903396014e-02
-2.351372841807324032e-02
1.777777000078623326e-01
-9.509632452777909417e-02
-1.932648636216233451e-01
-4.286093625426484754e-01
-4.699290048700410227e-01
1.471787157092625808e-01
2.142603515591552932e-01
0.000000000000000000e+00

1.216569108123179310e+00
8.831230388529248687e-01
-1.786697854266277585e-01
-2.878593646846975759e-02
-1.929331302835306933e-02
1.785974389433987175e-01
-1.063348356326202920e-01
-1.962156390642344206e-01
-4.209074834563117928e-01
-5.000838947786120370e-01
1.543776441639874986e-01
1.913236276530726476e-01
0.000000000000000000e+00

1.224394766004267110e+00
8.831619170758421289e-01
-1.793288262096371655e-01
-2.670450722810165101e-02
-1.494566940683671012e-02
1.795096180273007547e-01
-1.176125910420059428e-01
-1.989985104820676809e-01
-4.122162309733297114e-01
-5.312519852338833948e-01
1.602613451110470599e-01
1.676207473456108599e-01
0.000000000000000000e+00

1.232182064714808067e+00
8.832412120482270312e-01
-1.799755877405328774e-01
-2.479678986871535623e-02
-1.049491457683014370e-02
1.804996681846908479e-01
-1.288191327057716107e-01
-2.015511786246357295e-01
-4.025270078285073105e-01
-5.632960517192671102e-01
1.645399240950650155e-01
1.433924410581380315e-01
0.000000000000000000e+00

1.239922842416723459e+00
8.833556681814407341e-01
-1.806063631245000412e-01
-2.308179536515057514e-02
-5.969252652608092978e-03
1.815479119971140920e-01
-1.398405542397861134e-01
-2.038230462089707928e-01
-3.918396661808755121e-01
-5.960582824005905556e-01
1.669443824322451309e-01
1.189234776222764522e-01
0.000000000000000000e+00

1.247610002926352379e+00
8.835003257231545115e-01
-1.812180360771691312e-01
-2.157142898520904989e-02
-1.401807142910606232e-03
1.826316446638903412e-01
-1.505626564850927329e-01
-2.057780839481751778e-01
-3.801647528256684727e-01
-6.293633961981370817e-01
1.672398393321651300e-01
9.453976291539073484e-02
0.000000000000000000e+00

1.255237679282429797e+00
8.836708720071755341e-01
-1.818082357829703954e-01
-2.027050563630193938e-02
3.169748840491090364e-03
1.837265012585946045e-01
-1.608746232887655891e-01
-2.073959210423284294e-01
-3.675248291636084019e-01
-6.630218428871120784e-01
1.652374713857527322e-01
7.060157917568485320e-02
0.000000000000000000e+00

1.262801032238949350e+00
8.838640042228187443e-01
-1.823756247695198507e-01
-1.917602329913681639e-02
7.703292306171169619e-03
1.848090723029316429e-01
-1.706720942150284082e-01
-2.086724971843423315e-01
-3.539557491050928095e-01
-6.968343335088040824e-01
1.608052626183199274e-01
4.749438637898133198e-02
0.000000000000000000e+00

1.270296412496481286e+00
8.840775948263943640e-01
-1.829200472334034377e-01
-1.827788758509989869e-02
1.215262027980609262e-02
1.858573644568477234e-01
-1.798596287872989419e-01
-2.096196374396662454e-01
-3.395058221254199093e-01
-7.305957155482134535e-01
1.538765915614061508e-01
2.561586618170532195e-02
0.000000000000000000e+00

1.277721158306418081e+00
8.843108557738267317e-01
-1.834426244902530867e-01
-1.755909424453442128e-02
1.646863809600592615e-02
1.868526771215993365e-01
-1.883530543925650280e-01
-2.102635054356677413e-01
-3.242352914574069267e-01
-7.640996319653814428e-01
1.444559068589230666e-01
5.361059956012426825e-03
0.000000000000000000e+00

1.285073430993648458e+00
8.845643794720593478e-01
-1.839458216351905762e-01
-1.699599187932798738e-02
2.060060128321616196e-02
1.877802967707725146e-01
-1.960814883981251422e-01
-2.106436485212748178e-01
-3.082149353449084028e-01
-7.971419603830861567e-01
1.326212918535324969e-01
-1.289388502640160909e-02
0.000000000000000000e+00

1.292352273747026992e+00
8.848400619362175590e-01
-1.844332865649729036e-01
-1.656006664328479872e-02
2.449808043827829754e-02
1.886292632205922859e-01
-2.029885729249774062e-01
-2.108099162148474315e-01
-2.915233579417386700e-01
-8.295237903519480094e-01
1.185233714136532113e-01
-2.880811951447116714e-02
0.000000000000000000e+00

1.299557328022299396e+00
8.851409702637136334e-01
-1.849097950924694089e-01
-1.621807199080469927e-02
2.811229172632262463e-02
1.893930375279524458e-01
-2.090329969236714436e-01
-2.108208756984591981e-01
-2.742456478057327951e-01
-8.610533718819307625e-01
1.023804516567865391e-01
-4.209137141919916392e-02
0.000000000000000000e+00

1.306688841035162696e+00
8.854711317038586049e-01
-1.853809553172243996e-01
-1.593392299395516090e-02
3.139825370373054009e-02
1.900691835470071367e-01
-2.141888004599486750e-01
-2.107403488173001660e-01
-2.564712141484307706e-01
-8.915473066530366086e-01
8.447039987653541526e-02
-5.251595851759634226e-02
0.000000000000000000e+00

1.313747580024466455e+00
8.858353866768615692e-01
-1.858529505226977629e-01
-1.566978524820359861e-02
3.431604704882686152e-02
1.906594585694257049e-01
-2.184445381655264751e-01
-2.106346390116457246e-01
-2.382928457006095735e-01
-9.208303566000721752e-01
6.511956517375672160e-02
-5.992542849893074675e-02
0.000000000000000000e+00

1.320734765048242609e+00
8.862390824881900553e-01
-1.863322894338815261e-01
-1.538691328123069704e-02
3.683194198487913656e-02
1.911691461059124020e-01
-2.218019607126844872e-01
-2.105699539603444193e-01
-2.198049474273845172e-01
-9.487358543222924601e-01
4.468936486108940342e-02
-6.423976416041238258e-02
0.000000000000000000e+00

1.327652098206851816e+00
8.866879252742326800e-01
-1.868254457201387608e-01
-1.504741618150406274e-02
3.891908509729444243e-02
1.916074322935727992e-01
-2.242743678021835441e-01
-2.106090063402951407e-01
-2.011039885105016800e-01
-9.751045270754035155e-01
2.356218945947146509e-02
-6.545552786161096259e-02
0.000000000000000000e+00

1.334501602651775309e+00
8.871877336246097867e-01
-1.873386357040931205e-01
-1.461468929954101714e-02
4.055766032507562152e-02
1.919869390840552859e-01
-2.258843814366086056e-01
-2.108089065116899863e-01
-1.822874624794336429e-01
-9.997849468432831177e-01
2.126714215756043275e-03
-6.364283924728122988e-02
0.000000000000000000e+00

1.341285764138913761e+00
8.877442950967355806e-01
-1.878775289876574994e-01
-1.405484074402885142e-02
4.173449861970696118e-02
1.923240582071867044e-01
-2.266617021684613209e-01
-2.112184995977575419e-01
-1.634549883967984230e-01
-1.022632701128666000e+00
-1.923557814421698875e-02
-5.893913951098717768e-02
0.000000000000000000e+00

1.348007368149596319e+00
8.883631440209225349e-01
-1.884470756087342491e-01
-1.333716543233100411e-02
4.244282228417155939e-02
1.926386208476870698e-01
-2.266413500637338152e-01
-2.118770067323478834e-01
-1.447076581854317423e-01
-1.043511581230426311e+00
-4.016283435787215694e-02
-5.154146336963651848e-02
0.000000000000000000e+00

1.354669471223876265e+00
8.890493867166329167e-01
-1.890513538295694185e-01
-1.243517791771884748e-02
4.268096488645575087e-02
1.929538648570389703e-01
-2.258612121908044057e-01
-2.128126237388999198e-01
-1.261481625085110747e-01
-1.062294313426642489e+00
-6.032289555561933664e-02
-4.169730449310176529e-02
0.000000000000000000e+00

1.361275458637741798e+00
8.898075365384773283e-01
-1.896934325344894756e-01
-1.132677154973808775e-02
4.245199993723026283e-02
1.932964167998701688e-01
-2.243611879859988001e-01
-2.140421657101327368e-01
-1.078811283677732769e-01
-1.078863805791278940e+00
-7.942142069111908509e-02
-2.969480843561365241e-02
0.000000000000000000e+00

1.367828991248892123e+00
8.906412451972546274e-01
-1.903753725668469177e-01
-9.994686842016960518e-03
4.176257839392480409e-02
1.936952563679980033e-01
-2.221818391450007812e-01
-2.155715355397661570e-01
-9.001169145342946543e-02
-1.093115119924208622e+00
-9.720759830116440514e-02
-1.585336640026521055e-02
0.000000000000000000e+00

1.374333768951488066e+00
8.915531693385155831e-01
-1.910981823459300677e-01
-8.426524646505116276e-03
4.062242657003913016e-02
1.941817641650516180e-01
-2.193639531193485315e-01
-2.173963382152917789e-01
-7.264495957006521232e-02
-1.104957443250495386e+00
-1.134781179807179269e-01
-5.143411610163935513e-04
0.000000000000000000e+00

1.380793850732119799e+00
8.925447367149330624e-01
-1.918618276264225098e-01
-6.614888829014640113e-03
3.904391608745379910e-02
1.947884527140076039e-01
-2.159484965766712006e-01
-2.195031183011864062e-01
-5.588479608760455603e-02
-1.114315638782230389e+00
-1.280787681096196284e-01
1.596820638978289561e-02
0.000000000000000000e+00

1.387213290539338395e+00
8.936159560347832764e-01
-1.926652836348339559e-01
-4.557073443983432511e-03
3.704174097017411127e-02
1.955480336519266060e-01
-2.119764722789321820e-01
-2.218710390546075051e-01
-3.983150383126113359e-02
-1.121132588862331358e+00
-1.409054902005722198e-01
3.323514332663764226e-02
0.000000000000000000e+00

1.393596289061194371e+00
8.947653266635294811e-01
-1.935066193658948885e-01
-2.254406633636531730e-03
3.463282102406475826e-02
1.964930372228574085e-01
-2.074897070569214352e-01
-2.244741376993251714e-01
-2.458144499992586524e-02
-1.125369962903110643e+00
-1.519031336686892386e-01
5.093167086756410222e-02
0.000000000000000000e+00

1.399947176370150759e+00
8.959897232025271219e-01
-1.943830528427989979e-01
2.881884758013335398e-04
3.183644354493272988e-02
1.976541148559707861e-01
-2.025309625332156194e-01
-2.272831484901818300e-01
-1.022423318430375032e-02
-1.127009373897427169e+00
-1.610636642836254240e-01
6.871497930702241685e-02
0.000000000000000000e+00

1.406270336499217954e+00
8.972843300175014081e-01
-1.952910565586241098e-01
3.062837605107712746e-03
2.867446508750515557e-02
1.990595537981054708e-01
-1.971445862429331009e-01
-2.302673981859743035e-01
3.158405632886048670e-03
-1.126052922881644047e+00
-1.684236558104952597e-01
8.626248961625257450e-02
0.000000000000000000e+00

1.412570143189020300e+00
8.986426328984956635e-01
-1.962264679197543160e-01
6.059605204637536977e-03
2.517142507028314116e-02
2.007337823758301165e-01
-1.913766272699565230e-01
-2.333969994817045868e-01
1.549519083009105909e-02
-1.122523361391001950e+00
-1.740605760053255124e-01
1.032791694385107734e-01
0.000000000000000000e+00

1.418851080773391171e+00
9.000565243920345404e-01
-1.971845889373222971e-01
9.267024067512468280e-03
2.135470107149524052e-02
2.026968602141134279e-01
-1.852750115682544330e-01
-2.366439160313289769e-01
2.672602032746974887e-02
-1.116462997547123415e+00
-1.780878544496977967e-01
1.195055330723019810e-01
0.000000000000000000e+00

1.425117474385530159e+00
9.015163734803299800e-01
-1.981603061493985019e-01
1.267288938781096011e-02
1.725447210661857494e-02
2.049635380286981834e-01
-1.788892084907577618e-01
-2.399832914558453489e-01
3.680420436595171346e-02
-1.107933174757709915e+00
-1.806498103702083302e-01
1.347235019326046557e-01
0.000000000000000000e+00

1.431373512457569053e+00
9.030111271364971159e-01
-1.991481802010814650e-01
1.626485234069806329e-02
1.290401604415024675e-02
2.075418951607496121e-01
-1.722700946823003676e-01
-2.433940473493805545e-01
4.569833905405856767e-02
-1.097012852741750866e+00
-1.819152311847023196e-01
1.487616720947710358e-01
0.000000000000000000e+00

1.437623228841866663e+00
9.045285209985247654e-01
-2.001425993722183438e-01
2.003075930650550021e-02
8.338899772320083198e-03
2.104326139461064893e-01
-1.654687939632806526e-01
-2.468594211629963620e-01
5.339350354713866958e-02
-1.083796459706236170e+00
-1.820704071651586542e-01
1.614990651533251831e-01
0.000000000000000000e+00

1.443870121068069556e+00
9.060552976746040210e-01
-2.011378312438574789e-01
2.395914436392263674e-02
3.597205085092718049e-03
2.136289420773149206e-01
-1.585364331482144729e-01
-2.503663545528919121e-01
5.989210059408758835e-02
-1.068392291353939649e+00
-1.813111615747853844e-01
1.728671434311431221e-01
0.000000000000000000e+00

1.450117373554511868e+00
9.075773515339125019e-01
-2.021281198451188865e-01
2.803889071503400110e-02
-1.281078312736632762e-03
2.171147598117274813e-01
-1.515227413496330056e-01
-2.539049461965177112e-01
6.521604478017871409e-02
-1.050920260409071938e+00
-1.798353243662108303e-01
1.828488485676652842e-01
0.000000000000000000e+00

1.456367507329649147e+00
9.090800116094658323e-01
-2.031078222106103282e-01
3.225960119763930656e-02
-6.255104906389181638e-03
2.208648523012244902e-01
-1.444748474367130997e-01
-2.574683194059363966e-01
6.940642249324266433e-02
-1.031509015783342420e+00
-1.778347717583160514e-01
1.914769182767910027e-01
0.000000000000000000e+00

1.462622383822385297e+00
9.105482698136472264e-01
-2.040714682105709832e-01
3.661120546799267322e-02
-1.128361809053276578e-02
2.248444091200488548e-01
-1.374362542358265327e-01
-2.610512380133050980e-01
7.252405518236496040e-02
-1.010293842420010746e+00
-1.754884938859463117e-01
1.988288041902108727e-01
0.000000000000000000e+00

1.468883151015007993e+00
9.119670410304770991e-01
-2.050138527715965608e-01
4.108395355226882040e-02
-1.632600595413251018e-02
2.290091828607220270e-01
-1.304456920420010990e-01
-2.646495949587109875e-01
7.464832335957323484e-02
-9.874137092120585102e-01
-1.729560501453699661e-01
2.050205710744604781e-01
0.000000000000000000e+00

1.475150101534598690e+00
9.133214933513326139e-01
-2.059301052935095799e-01
4.566791822349309388e-02
-2.134297410208396001e-02
2.333062787995270060e-01
-1.235363956268207691e-01
-2.682595792365213283e-01
7.587584532560540107e-02
-9.630086101928612141e-01
-1.703731204915907294e-01
2.101993214644339025e-01
0.000000000000000000e+00

1.481422724230571975e+00
9.145972803160827835e-01
-2.068157919184951954e-01
5.035293592853470196e-02
-2.629786464465621101e-02
2.376748205267672776e-01
-1.167348763924818539e-01
-2.718773255575739900e-01
7.631805395718636864e-02
-9.372165678360712127e-01
-1.678475842886355263e-01
2.145347802678253812e-01
0.000000000000000000e+00

1.487699676751943922e+00
9.157807914424413998e-01
-2.076670180793025178e-01
5.512878003790294690e-02
-3.115772196816501971e-02
2.420473625034638421e-01
-1.100602364877174555e-01
-2.754990415451698538e-01
7.609821490887518081e-02
-9.101711207037489482e-01
-1.654581783364071634e-01
2.182098566830701636e-01
0.000000000000000000e+00

1.493978826106628688e+00
9.168594946174538629e-01
-2.084804501007948840e-01
5.998487174318556381e-02
-3.589371734993766772e-02
2.463522336209467700e-01
-1.035244534871904570e-01
-2.791209049796448127e-01
7.534699274518706635e-02
-8.819986232166101559e-01
-1.632541795300574972e-01
2.214116115633830151e-01
0.000000000000000000e+00

1.500257323291625866e+00
9.178221443562745163e-01
-2.092533786752440450e-01
6.491013595328139207e-02
-4.048214559925789047e-02
2.505155255272613624e-01
-9.713200506911470744e-02
-2.827392615937583953e-01
7.419807694631276596e-02
-8.528154475168839843e-01
-1.612558556306528668e-01
2.243229680855098607e-01
0.000000000000000000e+00

1.506531767937890676e+00
9.186589887535075993e-01
-2.099837658472414326e-01
6.989372369281086905e-02
-4.490490397012471963e-02
2.544635680840100500e-01
-9.088033475498255576e-02
-2.863514912460615736e-01
7.278328366050225429e-02
-8.227260902188479053e-01
-1.594576677672622789e-01
2.271137684361033970e-01
0.000000000000000000e+00

1.512798205331401080e+00
9.193619218160351547e-01
-2.106702167638450918e-01
7.492496842009632729e-02
-4.914934948430903922e-02
2.581255987214893244e-01
-8.476088466445261260e-02
-2.899562264039342030e-01
7.122798565947781324e-02
-7.918215764245611910e-01
-1.578305903548375411e-01
2.299340996346543042e-01
0.000000000000000000e+00

1.519052303249165847e+00
9.199245812342808915e-01
-2.113119673213202376e-01
7.999358609335407988e-02
-5.320864046541003839e-02
2.614364931645021817e-01
-7.875972485289398084e-02
-2.935537520351558238e-01
6.964613264750675603e-02
-7.601782973933017828e-01
-1.563261707283148672e-01
2.329074191618685508e-01
0.000000000000000000e+00

1.525289717335146733e+00
9.203423493976261582e-01
-2.119088233970096713e-01
8.509006812942108977e-02
-5.708080317916828378e-02
2.643383410314221194e-01
-7.285932450264570592e-02
-2.971467591899710214e-01
6.813711741856860737e-02
-7.278579830606933809e-01
-1.548807439245262763e-01
2.361252368504532795e-01
0.000000000000000000e+00

1.531506209134321894e+00
9.206123256061533588e-01
-2.124610642745903000e-01
9.020614543845140165e-02
-6.076805174975925816e-02
2.667825593522156757e-01
-6.703985398655097627e-02
-3.007399679693129046e-01
6.678264057062315018e-02
-6.949085079262928843e-01
-1.534199297757933567e-01
2.396428029454115705e-01
0.000000000000000000e+00

1.537697842866297515e+00
9.207332256828002492e-01
-2.129692885857397966e-01
9.533428094136912889e-02
-6.427572858156693769e-02
2.687316510358022659e-01
-6.128062458942603458e-02
-3.043390263663447448e-01
6.564468583404507729e-02
-6.613656068024861279e-01
-1.518627991643746733e-01
2.434763773244812413e-01
0.000000000000000000e+00

1.543861360005261529e+00
9.207051922748973327e-01
-2.134343053780554389e-01
1.004683847528124452e-01
-6.761083343578079552e-02
2.701591568255015119e-01
-5.556171092025067454e-02
-3.079501347602823791e-01
6.476591954316317234e-02
-6.272560060194768417e-01
-1.501267444276739860e-01
2.476014969504464203e-01
0.000000000000000000e+00

1.549994451424382413e+00
9.205295768569541348e-01
-2.138569726129130044e-01
1.056031736267809412e-01
-7.078093989481383519e-02
2.710502263675485524e-01
-4.986493814123861557e-02
-3.115778870178601556e-01
6.417004694899607065e-02
-5.926014844945890481e-01
-1.481321522027513327e-01
2.519534548821120157e-01
0.000000000000000000e+00

1.556095966918247253e+00
9.202087044233929758e-01
-2.142380361194175242e-01
1.107342275491160766e-01
-7.379220304958106214e-02
2.714011196621828326e-01
-4.417561379838843422e-02
-3.152229327083191923e-01
6.386467702697345983e-02
-5.574246238433381295e-01
-1.458070475523932652e-01
2.564291766378471449e-01
0.000000000000000000e+00

1.562166098476851728e+00
9.197456759281138483e-01
-2.145779857306686911e-01
1.158574094220771039e-01
-7.664815156516413541e-02
2.712182136086853657e-01
-3.848326901021856955e-02
-3.188788245836602364e-01
6.384458801021121455e-02
-5.217544408609906537e-01
-1.430916079164073484e-01
2.608912890126868778e-01
0.000000000000000000e+00

1.568206756169401972e+00
9.191440973513214097e-01
-2.148770334870687138e-01
1.209684151982816230e-01
-7.934864883465055085e-02
2.705168713033727079e-01
-3.278270353414743099e-02
-3.225290479672666133e-01
6.409583382270434004e-02
-4.856339944177486267e-01
-1.399428209363896836e-01
2.651747287496757921e-01
0.000000000000000000e+00

1.574221479142082103e+00
9.184079745030362396e-01
-2.151350106982101440e-01
1.260619782194069560e-01
-8.188824540377474814e-02
2.693195012320758197e-01
-2.707532201416111214e-02
-3.261431429654731429e-01
6.460138401141489461e-02
-4.491277957988543679e-01
-1.363390737788441887e-01
2.690951815057891494e-01
0.000000000000000000e+00

1.580215477055444184e+00
9.175416292248420591e-01
-2.153514774451529556e-01
1.311313331574895935e-01
-8.425610760527849075e-02
2.676545722820983797e-01
-2.136987111740605919e-02
-3.296734425911372890e-01
6.534547287929666493e-02
-4.123292499158699997e-01
-1.322836218400564035e-01
2.724597766347413019e-01
0.000000000000000000e+00

1.586195695699351038e+00
9.165497327173971476e-01
-2.155258628507619456e-01
1.361676445324319640e-01
-8.643560774869903096e-02
2.655542039937137666e-01
-1.568359292287619527e-02
-3.330533845547116178e-01
6.631872032185846810e-02
-3.753669781152228491e-01
-1.278079414981093676e-01
2.750797612516827639e-01
0.000000000000000000e+00

1.592170474354120291e+00
9.154375978151484405e-01
-2.156577120154472005e-01
1.411592714033907958e-01
-8.840477118973220916e-02
2.630541336585636158e-01
-1.004369867270047192e-02
-3.361976146193842996e-01
6.752052439053392308e-02
-3.384101279811553842e-01
-1.229724501617964483e-01
2.767841538633359355e-01
0.000000000000000000e+00

1.598149432303586526e+00
9.142114565435484064e-01
-2.157470335455195787e-01
1.460919001627349612e-01
-9.013758802022996119e-02
2.601930273410215100e-01
-4.488157499827714371e-03
-3.390055249782268909e-01
6.896049274652632510e-02
-3.016707861649073341e-01
-1.178648132101322160e-01
2.774337702017473650e-01
0.000000000000000000e+00

1.604143208699069456e+00
9.128790761939354903e-01
-2.157946280695556274e-01
1.509485402420954470e-01
-9.160608691661148439e-02
2.570134016763029883e-01
9.340413553905297598e-04
-3.413681778467157479e-01
7.065642990878233387e-02
-2.654030461708744570e-01
-1.125952835179830774e-01
2.769343224066196929e-01
0.000000000000000000e+00

1.610163316165339920e+00
9.114502701366214987e-01
-2.158024690690159564e-01
1.557103622213049932e-01
-9.278360380393627094e-02
2.535626002695463010e-01
6.164333698463693272e-03
-3.431804873239017728e-01
7.263094822422892782e-02
-2.298986370245894584e-01
-1.072867661562136726e-01
2.752473638104122045e-01
0.000000000000000000e+00

1.616221797000728433e+00
9.099374921922335213e-01
-2.157738351013750722e-01
1.603573684013915035e-01
-9.364842973768958134e-02
2.498952825029290836e-01
1.113769494947077984e-02
-3.443542090226508479e-01
7.490497518679646582e-02
-1.954784154699155951e-01
-1.020632761167554609e-01
2.723981353316999865e-01
0.000000000000000000e+00

1.622331054789467597e+00
9.083561529074742902e-01
-2.157133466220081397e-01
1.648696792881127748e-01
-9.418844081420205128e-02
2.460746890376551976e-01
1.578885996486937768e-02
-3.448328931355053584e-01
7.749188969219915346e-02
-1.624804943207980579e-01
-9.703534934344638929e-02
2.684778885397743897e-01
0.000000000000000000e+00

1.628503905422176157e+00
9.067246374260191644e-01
-2.156267603717659798e-01
1.692286093026297011e-01
-9.440508273653823446e-02
2.421728395109911947e-01
2.006019381320738384e-02
-3.446043196317080115e-01
8.039250128500272097e-02
-1.312467544880538406e-01
-9.228537202558657893e-02
2.636422392936730863e-01
0.000000000000000000e+00

1.634753135853581396e+00
9.050638893811950858e-01
-2.155205675512147645e-01
1.734179862058920496e-01
-9.431672158848519727e-02
2.382694467754517820e-01
2.391071100644916181e-02
-3.437059768155480421e-01
8.359231105732663203e-02
-1.021079669629580550e-01
-8.785810018134464217e-02
2.581029182289987789e-01
0.000000000000000000e+00

1.641091413867551640e+00
9.033966833322389922e-01
-2.154014690863464143e-01
1.774244194490287307e-01
-9.395982717187810473e-02
2.344489111067695197e-01
2.732366122717513890e-02
-3.422234479286416775e-01
8.706134294383252592e-02
-7.537019553167319252e-02
-8.375617193386410142e-02
2.521154909500174512e-01
0.000000000000000000e+00

1.647530907753525176e+00
9.017464776934273063e-01
-2.152758926650989446e-01
1.812377641503018222e-01
-9.338848111543422703e-02
2.307956923158979434e-01
3.031159098746648295e-02
-3.402809454970794345e-01
9.075672637354879890e-02
-5.130260489525113876e-02
-7.994330936504148721e-02
2.459627743496278496e-01
0.000000000000000000e+00

1.654082694842167633e+00
9.001361796603033483e-01
-2.151496027768280694e-01
1.848513807662458541e-01
-9.267109649610483224e-02
2.273896164238602136e-01
3.291615020150218118e-02
-3.380263485051719363e-01
9.462617287497583629e-02
-3.012776791014161459e-02
-7.635357928692379503e-02
2.399355335877559892e-01
0.000000000000000000e+00

1.660756415726209134e+00
8.985870052743488712e-01
-2.150274119515718507e-01
1.882614742027903243e-01
-9.188506786086367284e-02
2.243009010506898937e-01
3.520344387919630696e-02
-3.356135316094878140e-01
9.861234747688792102e-02
-1.201573279531778157e-02
-7.290545081950543238e-02
2.343133495872956051e-01
0.000000000000000000e+00

1.667559225606092932e+00
8.971174362963063587e-01
-2.149130834905113308e-01
1.914670574937633873e-01
-9.111017584503812439e-02
2.215872220640854873e-01
3.725496845422547609e-02
-3.331855413209394712e-01
1.026563329658894963e-01
2.919758515865802928e-03
-6.951687643372228553e-02
2.293457780817188540e-01
0.000000000000000000e+00

1.674495257869816234e+00
8.957425136167017632e-01
-2.148093268367036457e-01
1.944694567078699421e-01
-9.042136986040220925e-02
2.192911421132257566e-01
3.915685896847623942e-02
-3.308629261516019548e-01
1.067011026858822320e-01
1.462174481943941812e-02
-6.611829621629491949e-02
2.252365538013270663e-01
0.000000000000000000e+00

1.681564706908664553e+00
8.944734004266490235e-01
-2.147178641218873696e-01
1.972718958361072694e-01
-8.988254124288393154e-02
2.174396953337602578e-01
4.098906333184077627e-02
-3.287344392893336020e-01
1.106935507941193275e-01
2.308893994980605949e-02
-6.266376490638528307e-02
2.221312980362518952e-01
0.000000000000000000e+00

1.688763059356632512e+00
8.933171631312167849e-01
-2.146394410288888221e-01
1.998788391116254337e-01
-8.954060123035260943e-02
2.160439902792416766e-01
4.281585347377957207e-02
-3.268536989270138804e-01
1.145873336572480333e-01
2.837306499252146424e-02
-5.913653303265551525e-02
2.201096187812024429e-01
0.000000000000000000e+00

1.696080437808893615e+00
8.922769432548742774e-01
-2.145739115407252484e-01
2.022953848106052444e-01
-8.942232550104661781e-02
2.151008999185987647e-01
4.467968435774064689e-02
-3.252400683394225389e-01
1.183435030469413701e-01
3.057517605711380926e-02
-5.555066969847814035e-02
2.191823167029751940e-01
0.000000000000000000e+00

1.703500985641180909e+00
8.913521759864693195e-01
-2.145203103680621837e-01
2.045276195438933964e-01
-8.953240482189604721e-02
2.145936676783107289e-01
4.659779225631614785e-02
-3.238823002873146839e-01
1.219322049058146340e-01
2.984225395712490278e-02
-5.194904813778747354e-02
2.192930555246508373e-01
0.000000000000000000e+00

1.711002661982898188e+00
8.905390623833724373e-01
-2.144768780982417022e-01
2.065815893182537943e-01
-8.985432159335514368e-02
2.144941217161608626e-01
4.856284092727887469e-02
-3.227432060486322696e-01
1.253319094128596545e-01
2.636467002614475974e-02
-4.839840072503885648e-02
2.203230748003392747e-01
0.000000000000000000e+00

1.718556956907736133e+00
8.898311718246104673e-01
-2.144412019447685946e-01
2.084640373348849718e-01
-9.035277627184051807e-02
2.147644266720883099e-01
5.054588173315267136e-02
-3.217672919093956807e-01
1.285286784748712607e-01
2.037301875109313876e-02
-4.498213146765971115e-02
2.221017549043681205e-01
0.000000000000000000e+00

1.726129202202636215e+00
8.892200536582258730e-01
-2.144102619850773994e-01
2.101816892066683817e-01
-9.097759367549174137e-02
2.153587804589228438e-01
5.250169770613276332e-02
-3.208860091956611815e-01
1.315150920689156233e-01
1.213567982686241178e-02
-4.179282693972561497e-02
2.244182243398420151e-01
0.000000000000000000e+00

1.733678968100400786e+00
8.886960239599853706e-01
-2.143806678201080063e-01
2.117416813811784371e-01
-9.166947776162362449e-02
2.162261119307642698e-01
5.437576701298613147e-02
-3.200259391095486849e-01
1.342871218360275898e-01
1.956302095956938616e-03
-3.892332291459232874e-02
2.270360604095141843e-01
0.000000000000000000e+00

1.741160713778078239e+00
8.882489228219661026e-01
-2.143488303170349996e-01
2.131516322308437128e-01
-9.236576507075280884e-02
2.173123567184837845e-01
5.611129654562024144e-02
-3.191154842429151928e-01
1.368414539606890579e-01
-9.830104292003597616e-03
-3.645840153572350167e-02
2.297093954358724044e-01
0.000000000000000000e+00

1.748524744691324795e+00
8.878686759658195315e-01
-2.143112294717400557e-01
2.144191555613700895e-01
-9.300649986188280760e-02
2.185621425819085639e-01
5.765639229019957346e-02
-3.180898786732373473e-01
1.391750832814357408e-01
-2.286412854136734424e-02
-3.446845214569474458e-02
2.322003175603590264e-01
0.000000000000000000e+00

1.755718410489846004e+00
8.875460640791189570e-01
-2.142647164962903084e-01
2.155522905384432697e-01
-9.354039063103083973e-02
2.199221386622072782e-01
5.896998041160689263e-02
-3.168978711418945493e-01
1.412813325858688629e-01
-3.676855691377894225e-02
-3.300328352445928287e-02
2.342943203631419335e-01
0.000000000000000000e+00

1.762687498681193121e+00
8.872730221162193898e-01
-2.142067687285326705e-01
2.165584671542356843e-01
-9.392878669974433214e-02
2.213423109698819113e-01
6.002602344854664901e-02
-3.155050384984058320e-01
1.431513019574730539e-01
-5.116007473755601609e-02
-3.208774925288756380e-02
2.358163201956657296e-01
0.000000000000000000e+00

1.769377596294291477e+00
8.870428797916559693e-01
-2.141358362846062513e-01
2.174457127615475882e-01
-9.414899817971691953e-02
2.227782493918686046e-01
6.081558617965755059e-02
-3.138974665687311316e-01
1.447738458322766764e-01
-6.566160124020176125e-02
-3.172034455506657358e-02
2.366416847570148307e-01
0.000000000000000000e+00

1.775735917773935801e+00
8.868503388750008654e-01
-2.140514840378950900e-01
2.182213238083510476e-01
-9.419503328120493180e-02
2.241916922262011114e-01
6.134712338181010083e-02
-3.120818798878241540e-01
1.461381075942173868e-01
-7.991582885391491919e-02
-3.187280917900425087e-02
2.367043418080349848e-01
0.000000000000000000e+00

1.781712815869028965e+00
8.866913057630541051e-01
-2.139545337297569516e-01
2.188929962872897261e-01
-9.407699724668923402e-02
2.255515213879717706e-01
6.164437691760492333e-02
-3.100853244976074508e-01
1.472358727076010509e-01
-9.359959246209595407e-02
-3.249339369206593470e-02
2.360001644189811953e-01
0.000000000000000000e+00

1.787263692912512747e+00
8.865624577566414422e-01
-2.138469974968660037e-01
2.194678530483089307e-01
-9.381835598541804488e-02
2.268332336571974583e-01
6.174319516996231577e-02
-3.079521173163773939e-01
1.480653180464884533e-01
-1.064357403275080077e-01
-3.350991157920230057e-02
2.345839812390205226e-01
0.000000000000000000e+00

1.792350640881727575e+00
8.864609328760008067e-01
-2.137319731240953369e-01
2.199536186737843513e-01
-9.345247060578057430e-02
2.280185332511083240e-01
6.168689951615405342e-02
-3.057389017584744018e-01
1.486327078359652443e-01
-1.182026102487539337e-01
-3.483610571054866073e-02
2.325626308822467680e-01
0.000000000000000000e+00

1.796944225054473820e+00
8.863839119738969874e-01
-2.136133279008431418e-01
2.203582478115173604e-01
-9.301811910234412950e-02
2.290944017878623618e-01
6.152195894487760830e-02
-3.035104511282455397e-01
1.489543856794739163e-01
-1.287399776075166813e-01
-3.637753127376023438e-02
2.300829337858072421e-01
0.000000000000000000e+00

1.801024781989321033e+00
8.863283028214251624e-01
-2.134953982811935158e-01
2.206903667899794697e-01
-9.255542460112065051e-02
2.300522449636872024e-01
6.129385888599402782e-02
-3.013341805325103762e-01
1.490570482849472855e-01
-1.379508094413267605e-01
-3.803767454227820893e-02
2.273165011680902403e-01
0.000000000000000000e+00

1.804583681022848829e+00
8.862906970512044458e-01
-2.133825424693957251e-01
2.209590089523208734e-01
-9.210179963429651617e-02
2.308872191706500820e-01
6.104343211631257926e-02
-2.992736747072140546e-01
1.489759710103769619e-01
-1.457990205282267415e-01
-3.972410192159545744e-02
2.244435834273801889e-01
0.000000000000000000e+00

